5.370422	-2.447152
8.984267	-4.874497
9.496494	-3.790297
10.488484	-2.758582
7.521321	-2.122666
7.968331	-3.231253
7.933331	-3.515532
8.491428	-2.549749
8.212012	-1.547814
6.500727	-3.824036
8.681857	-4.536835
9.421693	-2.647699
7.676196	-2.826204
7.270590	-4.842257
8.714451	-2.417305
7.971644	-3.382361
5.730058	-4.194811
7.391695	-3.126693
9.242238	-3.880031
7.077051	-2.404794
7.730467	-4.729017
9.075684	-4.217905
7.295732	-4.393924
8.215974	-2.286723
7.481698	-2.964036
7.385757	-1.023796
9.359989	-3.955864
8.385544	-2.420579
8.283488	-4.118561
7.694836	-2.633594
8.301286	-4.217227
8.304131	-4.375052
5.724880	-3.186541
8.808404	-2.918507
9.326220	-1.610888
8.210734	-4.003741
7.809966	-4.809444
7.821013	-3.451251
8.033493	-2.265783
5.730728	-2.608955
7.316596	-2.567182
8.030856	-4.395838
8.731471	-4.099976
8.380148	-3.952280
7.379716	-3.247874
9.761945	-2.666251
7.837622	-1.697561
7.887811	-3.657903
6.889065	-3.193337
7.973805	-4.042661
5.943182	-3.500306
7.972128	-3.755409
6.903887	-4.433231
7.372757	-1.997466
8.009891	-4.993024
8.500504	-3.808299
10.196237	-3.673727
7.797585	-3.166236
8.144082	-3.308544
7.908754	-3.579991
7.303947	-3.734315
6.672786	-3.888577
7.193669	-3.794140
7.411959	-3.502363
8.309604	-3.669866
7.948000	-3.090137
7.542711	-3.505379
8.212574	-5.059323
8.514461	-3.832780
4.166967	-2.826562
6.655852	-2.468751
6.872475	-3.571031
8.523361	-4.156652
6.861783	-3.474531
9.227385	-2.260751
9.257784	-2.975696
8.345487	-2.290094
8.425756	-4.165369
8.639833	-3.853822
7.037317	-3.221690
7.777477	-2.487738
8.135720	-3.787944
7.797110	-3.928892
7.533544	-2.094301
8.270766	-3.733781
7.537037	-3.953600
7.669546	-4.846796
8.469097	-3.630248
8.549696	-2.399071
8.172289	-4.375069
6.634627	-2.537591
8.693678	-4.738498
6.911774	-2.269117
7.931301	-1.329644
8.374098	-2.431547
7.773032	-3.808970
6.407275	-6.067335
8.972897	-2.566301
7.352936	-2.307894
6.390150	-1.786300
8.329540	-1.683474
6.165992	-1.932596
8.785763	-3.020934
6.988421	-3.005566
8.120012	-3.969439
6.486151	-4.429029
7.326502	-2.223462
9.044261	-1.669508
8.347484	-4.805934
7.114102	-4.514448
7.599529	-1.983590
7.678222	-3.791034
8.386276	-2.627040
8.823919	-4.295678
6.978995	-3.816132
8.600279	-3.167106
6.885880	-1.463532
7.313899	-3.484199
7.760624	-4.180419
7.821626	-3.304053
8.119191	-3.044832
7.324413	-4.285706
8.951123	-3.578421
8.954941	-2.906984
10.539998	-3.456312
6.203028	-3.675788
9.068849	-1.459226
9.608011	-2.691480
9.460927	-4.340261
7.305979	-4.271424
8.478600	-2.027874
7.927562	-2.908582
7.435401	-3.690416
8.021294	-1.776101
8.374489	-2.801672
8.975832	-2.672566
7.181491	-1.575728
7.765887	-3.299231
7.824314	-2.713842
7.683607	-2.949503
9.611611	-4.107629
6.037245	-2.043812
8.159793	-2.647013
8.594393	-3.696604
8.067046	-5.054333
7.792857	-3.259008
6.701297	-4.041054
7.742332	-3.033532
7.688800	-1.967271
8.601074	-2.546172
6.100828	-3.760181
8.059656	-3.738012
8.085884	-3.928647
7.022206	-3.409536
7.944690	-3.653692
7.816156	-2.393014
8.362448	-2.544081
8.461832	-3.240912
7.539960	-1.516308
8.011700	-2.554823
7.269013	-4.748653
6.669684	-3.635718
6.714702	-2.532433
7.483321	-3.790573
9.516168	-3.675061
7.441721	-0.646024
8.322615	-3.210495
7.471728	-2.058820
9.093522	-5.708045
7.881108	-3.035497
8.478382	-4.580731
7.889435	-1.582876
9.061841	-4.288406
8.253312	-4.024735
8.755880	-6.194980
8.839149	-3.014135
9.002036	-4.438732
7.698101	-4.353362
8.446012	-3.032451
9.901899	-2.484261
5.753521	-2.920674
8.104317	-2.209701
8.668263	-4.012969
7.682532	-2.120259
7.230402	-3.083607
6.944898	-2.118693
9.124355	-3.174156
7.010402	-3.747838
7.761404	-3.605122
8.212541	-4.747480
6.664012	-4.232160
8.774550	-4.482916
8.052741	-2.447772
6.443227	-5.251890
6.018177	-2.859489
8.237601	-3.585260
6.812898	-3.328821
6.299843	-2.920755
7.862478	-3.396592
9.244388	-4.433629
6.709876	-2.959558
8.931888	-4.349314
6.787687	-3.563355
8.405297	-4.152260
8.784746	-1.276953
7.712956	-3.934986
9.989041	-4.731963
8.943553	-2.382737
6.298636	-2.735072
9.255688	-3.825610
5.483731	-4.210845
9.711573	-4.463456
8.801644	-4.699578
7.293432	-4.184997
7.676140	-2.933731
7.855671	-4.284171
7.726175	-3.583491
7.414227	-3.973496
7.130695	-3.141384
9.948793	-3.344211
8.048351	-4.275134
7.235316	-1.970547
7.466610	-2.975259
8.662996	-3.984251
8.908300	-2.672557
8.406904	-4.262079
7.950777	-5.316513
7.908225	-3.284262
7.383714	-3.057408
6.396217	-4.121269
6.328762	-3.331927
7.316878	-2.434170
6.992601	-2.945220
7.743673	-3.172128
8.495198	-1.935149
9.083022	-4.809339
8.249433	-4.505019
8.038794	-4.346812
8.689789	-2.704469
7.785752	-4.482664
6.138241	-4.875836
7.434602	-2.912930
8.650242	-2.480856
6.789520	-3.588579
8.553919	-2.980544
7.578602	-4.786854
9.455924	-3.606342
6.062033	-3.183856
7.919233	-3.704961
7.585491	-4.745777
8.995269	-3.645976
5.776818	-3.815493
5.031020	-3.361267
6.902189	-3.220106
8.448281	-3.559741
10.103220	-3.298786
8.363578	-3.392186
7.537166	-4.182001
8.917205	-2.691164
9.338735	-3.989875
7.072267	-3.608766
7.879506	-3.520722
5.964897	-3.526167
8.047235	-2.954922
7.502060	-3.424365
8.951685	-2.153367
7.918227	-3.381393
7.862182	-2.532083
8.013806	-3.206221
9.245221	-3.949717
6.855460	-3.475244
9.617871	-2.847600
6.318039	-2.503778
8.057623	-3.094732
6.321108	-4.048644
7.291118	-2.575350
6.972102	-4.274814
6.347728	-2.648163
7.421376	-2.638584
7.720713	-2.798211
7.020569	-2.805848
7.305087	-4.113167
8.811779	-4.590458
7.974420	-3.028704
8.103460	-3.296630
8.860270	-3.998344
9.340768	-1.921620
8.143755	-3.424763
6.723571	-4.254871
7.177294	-3.170518
9.440659	-4.902330
8.790726	-3.180279
8.221977	-3.172718
7.211058	-3.697827
7.967922	-2.192947
7.617410	-1.981305
9.015679	-3.560279
8.250453	-2.094156
6.711764	-4.142839
8.731070	-2.548994
7.196053	-4.294477
8.395715	-2.079718
7.401029	-4.249067
8.992002	-2.526643
6.669501	-4.235453
7.592056	-2.367623
8.592789	-3.361841
6.006266	-0.930346
7.096459	-1.709963
9.404235	-2.785734
8.263850	-4.142148
6.724526	-4.290919
6.454667	-3.524467
6.494734	-1.999355
10.307629	-5.773626
6.468345	-2.750535
8.080189	-3.702171
7.676475	-2.979334
7.332512	-2.749328
9.116407	-2.082792
9.685210	-3.077498
8.345361	-5.055219
7.633628	-4.318689
9.048628	-1.462727
7.477215	-3.769888
7.294755	-3.456780
6.991331	-2.473302
7.556221	-1.762927
8.671967	-3.729625
7.238709	-2.483982
7.439313	-5.070506
7.572352	-4.234200
9.888374	-3.433753
7.275373	-5.645534
9.027146	-2.867957
7.807375	-3.620653
8.004650	-2.630934
8.008141	-3.876616
8.036392	-5.604582
7.232371	-3.778041
7.090703	-3.619066
8.529108	-3.538568
6.390685	-3.100935
8.742982	-2.460222
8.481425	-2.333964
7.729316	-6.022222
7.365264	-4.608238
7.976140	-2.721914
7.184081	-2.456489
6.544788	-2.776972
6.865845	-4.096741
6.655308	-3.118927
9.385617	-3.954913
7.482974	-2.860556
7.022107	-3.331539
7.560005	-4.304064
6.550896	-2.339654
7.727520	-4.184561
8.911057	-3.343690
6.697524	-4.523032
7.714978	-4.021013
8.183344	-4.624891
6.403380	-3.603182
8.528129	-3.853909
10.324691	-1.185457
7.760997	-4.223427
8.097181	-3.819667
7.817119	-2.914704
7.928580	-5.178783
9.743890	-4.123927
7.773370	-2.647290
8.016948	-3.165942
8.412214	-4.426903
8.281028	-2.397112
7.701800	-2.106478
9.460367	-3.518298
8.849435	-3.068895
9.054179	-3.578556
6.444381	-2.381817
8.597563	-2.906007
7.014240	-3.901420
8.243802	-3.285487
7.060266	-3.496134
8.405780	-4.099361
7.699826	-4.084320
8.714273	-3.480491
7.791732	-2.451475
8.237645	-3.855324
8.895433	-4.775420
6.586945	-3.048716
7.626911	-2.264729
8.036209	-3.255885
8.822390	-3.916534
6.431174	-2.706525
7.128229	-2.966776
7.009435	-3.552508
7.393166	-4.184914
7.216912	-2.951809
7.722906	-2.839307
6.970273	-4.135295
6.612754	-4.340948
7.690386	-3.569901
8.198294	-2.447350
8.316316	-3.640526
6.929177	-1.952942
8.311714	-6.150204
7.954205	-2.503059
7.343480	-3.025930
7.654044	-3.090555
7.683163	-2.949700
7.812808	-2.929592
7.302244	-2.966227
7.364461	-5.212869
7.906766	-3.316445
6.884900	-2.173086
7.351541	-2.787769
7.441615	-3.284962
8.173089	-2.482627
7.148254	-4.628965
9.329383	-3.383107
9.977300	-3.527393
6.349943	-3.086603
8.510611	-3.099001
7.405042	-3.019889
6.588548	-4.776128
7.690361	-2.728822
5.586362	-3.142355
7.441728	-4.297808
7.938877	-3.506706
7.885201	-2.746173
8.265854	-2.361831
8.800486	-4.010501
7.758788	-5.418274
7.269990	-4.883035
7.128668	-3.626590
8.165990	-3.912922
10.028392	-3.392851
6.285586	-1.643539
7.553975	-3.757863
8.508873	-4.029000
9.192196	-1.562324
9.126574	-3.199335
7.372971	-2.674950
8.789381	-2.864448
8.148390	-1.952821
7.930073	-4.445407
6.549060	-2.985842
9.424851	-3.247252
7.652068	-3.925694
8.991606	-4.732824
7.183041	-1.896673
7.632791	-3.407606
9.257607	-2.100075
8.264224	-2.037270
5.969843	-4.350448
7.923370	-4.331580
7.202668	-4.232292
7.978859	-4.128837
8.852267	-3.297762
9.158181	-4.836583
5.857186	-3.453231
7.817241	-2.656906
8.613909	-3.904047
8.908975	-3.611181
7.542168	-2.427888
8.607097	-3.221826
7.969907	-1.329703
7.665925	-3.320160
7.983687	-3.979708
9.148759	-1.713374
8.342260	-5.197632
6.062805	-3.330036
7.056718	-4.053568
7.491952	-4.117654
7.387549	-3.541968
8.161349	-3.247593
7.937488	-6.000967
7.104684	-2.197410
8.869545	-1.751434
6.952476	-4.086810
7.547789	-2.468655
7.661892	-3.206385
7.729381	-3.426919
7.120105	-2.818815
4.728416	-3.613984
7.016936	-3.364373
8.640788	-3.925361
8.704374	-3.557196
8.115284	-3.621683
8.068080	-2.167370
6.848266	-4.332116
6.781541	-4.930958
6.592009	-2.281968
7.601485	-2.796416
7.884459	-1.597464
8.143132	-3.275079
9.748352	-4.637289
6.784924	-4.198552
6.438504	-3.521346
8.071134	-2.078712
5.474281	-2.476004
9.262000	-4.245399
8.175373	-1.803902
6.983481	-3.290293
7.953309	-3.832297
7.755895	-4.141097
6.440705	-2.773979
7.711097	-2.571172
7.505700	-4.127049
6.772027	-4.528339
7.131392	-3.128107
8.392140	-2.966692
7.132552	-3.167194
9.325777	-3.568200
7.741834	-2.825544
8.871613	-4.492542
7.927817	-2.677857
6.970662	-3.027889
7.859765	-3.374605
7.864808	-3.177565
7.060015	-4.657492
8.342476	-2.400909
9.658849	-3.745704
8.277641	-3.523545
7.133800	-3.102827
7.564145	-3.444939
7.126146	-4.467377
7.393485	-2.151210
8.287116	-2.657519
7.381553	-4.670758
8.412933	-3.853551
7.099883	-4.282025
8.646084	-2.205698
9.113836	-1.416458
7.178137	-3.994399
6.951890	-1.654645
6.731663	-3.202539
8.662032	-5.329870
8.751804	-2.262572
7.989499	-4.307965
8.812418	-2.911867
9.020273	-3.861218
5.986956	-3.382592
8.510782	-4.882554
6.969341	-4.660347
8.507421	-5.403658
8.988539	-4.468239
8.550511	-3.770280
7.084611	-3.885914
8.184741	-4.025237
7.888289	-4.031898
7.870068	-3.502843
8.907236	-4.899852
8.138411	-3.075535
7.043881	-4.418828
7.894256	-2.546897
8.078843	-2.742730
6.042625	-1.822234
8.681787	-4.024334
6.560332	-3.090038
8.387874	-3.665957
7.291310	-3.059374
7.911390	-2.641330
8.921625	-3.748821
8.496870	-4.371064
9.029113	-5.023862
7.039726	-3.970990
8.603581	-4.315048
8.727807	-3.155977
8.519793	-1.854683
7.166067	-3.673504
9.673123	-2.798819
6.384279	-2.420683
7.844064	-3.015884
8.743051	-3.938869
8.857683	-2.776434
6.708709	-4.679495
8.237801	-2.557910
6.710163	-2.499629
8.199790	-2.062247
8.934741	-4.461660
9.696479	-4.419004
7.252504	-4.434947
7.188907	-3.640360
7.457234	-3.743817
7.336955	-4.604355
8.680355	-3.073042
9.136801	-3.765779
7.450337	-3.504960
9.248096	-3.464449
8.257567	-2.754100
8.865947	-4.952383
8.205981	-4.148185
8.207111	-3.179243
7.423590	-3.953641
8.843872	-4.224978
8.699584	-2.392053
7.770338	-3.578449
7.191068	-4.860515
7.837440	-3.894452
9.906599	-4.163614
8.105336	-2.671760
9.394673	-2.605839
8.224946	-2.140491
8.852111	-3.382263
7.630699	-4.672812
6.883080	-5.887750
6.782500	-4.158805
8.133661	-5.151085
8.461872	-2.321617
8.570326	-3.252876
8.900911	-3.495855
9.381031	-4.432847
8.067997	-4.021067
9.185156	-2.372655
9.150729	-3.270472
8.555726	-3.339519
6.475947	-2.755263
7.906605	-3.878149
6.128906	-2.889980
7.470466	-5.086562
6.847216	-3.334935
7.800883	-3.095671
9.375073	-4.057021
6.641999	-4.477855
6.046669	-2.949868
8.375837	-1.130817
8.181671	-2.916466
6.852997	-4.305676
8.712010	-2.446724
7.887798	-4.224842
8.206195	-3.054291
7.191695	-2.859602
7.012781	-4.376754
7.100762	-3.937022
8.172536	-2.908720
9.518173	-2.695541
5.998449	-3.739241
6.954454	-2.588216
8.708862	-3.212435
6.672864	-3.814750
7.797614	-2.600466
9.580687	-4.362302
7.804259	-5.016590
5.866724	-2.143315
7.659626	-3.349595
8.984133	-3.320117
8.530161	-3.611906
8.034489	-2.559905
7.235444	-5.849341
8.868730	-4.193119
9.121593	-1.868050
9.006480	-3.788699
5.709681	-3.092928
9.076332	-3.505443
6.949318	-3.392087
9.372426	-2.879906
8.504938	-2.508329
7.374963	-2.998217
8.452970	-3.670122
7.210760	-1.934810
9.812324	-2.154849
8.156385	-2.259440
8.691440	-2.915720
7.253465	-3.664302
9.124726	-3.446761
8.894537	-3.229645
7.011380	-4.209789
7.577415	-3.971184
7.759566	-1.126729
9.435999	-2.184845
6.861450	-2.401630
7.399966	-3.379394
8.163411	-3.097200
6.861637	-1.998111
7.868956	-1.121412
7.903239	-2.692822
7.711576	-2.325377
6.606424	-4.241026
6.926331	-3.408086
8.875213	-3.971293
8.867492	-3.237240
8.393935	-2.381206
7.434139	-4.819766
6.032797	-4.151951
9.029698	-4.724826
8.322942	-2.966168
9.029014	-4.337259
8.432867	-3.997513
8.512336	-3.325254
7.596132	-1.940958
7.861365	-1.770222
9.363616	-2.712691
8.618439	-3.109493
7.412421	-3.994266
8.039371	-4.080137
8.075541	-2.501067
8.586926	-5.440171
7.247777	-2.639499
7.260282	-3.335040
5.542895	-3.402462
8.464894	-3.835873
8.037681	-4.058700
6.615276	-3.035326
6.233653	-4.175347
8.057032	-1.918141
7.398930	-1.272972
6.996495	-4.941160
8.500765	-3.561388
8.028179	-2.580302
6.865868	-2.457738
7.058358	-1.240634
6.264337	-2.714628
10.078532	-3.475727
7.948467	-2.388346
7.117575	-1.922289
5.455105	-2.930748
7.315776	-3.256609
9.145021	-3.940574
9.074271	-2.725521
8.897432	-5.317580
6.835831	-3.306253
8.006535	-2.393135
6.942852	-3.153077
8.676351	-2.195389
8.881330	-5.109953
9.653372	-3.592775
9.129503	-3.839717
6.615918	-1.870359
7.994397	-3.698982
6.504926	-3.681605
8.667199	-4.044459
8.410368	-4.421023
8.019882	-1.168720
7.706913	-2.680226
7.085383	-4.381320
8.055348	-2.992641
6.905899	-5.583239
6.856439	-1.970310
7.476820	-3.196326
8.763771	-3.711035
8.291237	-3.986236
7.186305	-3.191430
7.412083	-4.496326
8.593315	-3.180095
6.590632	-2.814184
7.955484	-3.546987
9.289599	-2.026038
8.191793	-4.549223
8.570400	-2.390067
8.266286	-4.777604
8.326168	-3.532522
8.071896	-4.048534
10.532602	-2.740474
6.750811	-2.308723
7.042420	-3.024899
7.322397	-1.447148
7.480961	-3.333477
9.457145	-3.465613
8.671765	-4.874336
6.404391	-3.669578
7.359459	-4.683091
7.857595	-3.819575
8.883541	-4.410142
6.521863	-4.056616
7.400056	-2.659042
8.354763	-4.086861
9.492937	-3.330640
8.842514	-3.759333
8.774928	-3.083834
7.168275	-3.264244
9.746748	-2.371840
7.150753	-3.345903
8.725689	-2.395751
6.759487	-1.935272
7.402230	-2.532412
8.698477	-4.943354
7.797661	-4.042115
8.472405	-4.643457
9.275437	-3.513629
8.981572	-2.711978
8.045130	-5.544939
8.272610	-1.875538
8.195122	-1.318223
8.191068	-2.743897
8.578081	-2.806102
8.105920	-4.307231
8.104991	-3.557451
7.067358	-3.302471
5.891929	-3.694255
8.386941	-2.477657
6.284166	-3.391954
6.943177	-3.821967
7.861081	-3.758236
6.601062	-3.922773
8.298278	-1.077292
9.114007	-3.727514
9.132110	-3.593933
6.872218	-3.743633
6.087393	-3.530714
7.597223	-9.800453
7.147422	-7.407392
6.718401	-10.556467
5.855930	-9.469622
7.555774	-11.292896
6.290772	-9.241188
5.984722	-8.762257
5.989908	-8.167754
6.972902	-7.749814
6.163397	-9.253569
5.378965	-8.760583
6.049507	-8.671403
5.201126	-9.113153
5.819588	-8.626856
5.611732	-8.610609
8.403968	-10.016780
5.520783	-10.710427
7.065391	-9.697634
8.029980	-9.366518
6.100729	-8.241720
6.553997	-9.174453
5.920707	-8.764561
5.324034	-9.147383
7.496246	-8.393173
7.154245	-9.200954
7.110752	-9.589677
6.692921	-11.166960
6.066431	-9.368853
6.659573	-11.064816
5.504865	-8.168375
5.274596	-9.333275
5.914974	-8.251722
6.462251	-8.409517
5.832210	-9.291776
7.117182	-8.228515
9.081462	-6.593102
5.844590	-7.709608
5.826873	-8.676696
6.276483	-8.140066
5.548200	-9.756390
6.571429	-11.175922
5.501236	-8.705992
4.956708	-9.771501
5.866066	-9.406448
8.070155	-10.059980
7.654459	-9.960878
7.675256	-10.118929
4.986175	-9.320538
6.458873	-8.029281
6.949398	-8.901477
6.130391	-8.678662
6.102655	-9.320963
6.556533	-9.761233
6.727366	-9.812218
7.744229	-7.878634
7.324875	-8.942272
6.531845	-9.255003
4.408778	-9.585530
5.320297	-8.937812
6.152327	-7.615421
8.259505	-9.273574
6.506524	-8.749825
5.726366	-9.738839
7.744609	-8.468328
6.524926	-9.690693
6.333096	-11.996126
6.710618	-8.713512
7.060402	-7.416954
5.469423	-8.688516
8.271974	-8.929668
6.616955	-10.012798
8.133059	-8.782354
7.763287	-10.519302
5.541616	-10.473834
7.785253	-9.758735
6.381021	-8.807786
5.522194	-9.233446
6.093121	-7.620621
7.889533	-9.538270
4.069359	-9.142655
7.167575	-7.646451
5.698114	-7.856630
7.169965	-9.347376
7.106994	-9.506893
6.849359	-9.628348
8.871773	-8.323016
7.409416	-8.667938
6.244818	-8.751748
7.812125	-10.628285
7.786730	-7.537834
6.894771	-8.758220
6.568387	-8.375379
7.604920	-10.668007
4.727588	-8.408531
6.605512	-8.637692
9.186812	-9.866316
6.797036	-7.878696
4.780928	-9.671943
6.951381	-9.686194
6.337775	-10.101555
7.385018	-7.781479
2.874788	-8.186062
5.666723	-9.699195
5.633486	-9.117615
6.176312	-8.825370
5.203129	-9.565103
8.192368	-9.689109
6.150830	-9.354260
7.856593	-9.323629
6.706805	-8.097346
6.145214	-10.895504
6.957606	-10.467970
5.114924	-10.775850
5.604383	-8.478426
6.693965	-6.909819
7.006187	-9.471547
5.687753	-6.079032
7.074632	-9.882015
6.835814	-11.430341
6.899605	-9.621719
5.573145	-8.647200
7.299810	-8.159676
5.996299	-10.362577
7.428646	-8.957846
5.231034	-8.565125
5.913340	-8.295240
6.270638	-7.399580
6.673501	-9.270943
5.527417	-8.857673
6.406339	-7.667059
6.239329	-9.924078
7.506253	-7.889404
7.392262	-10.992487
5.723224	-9.658310
6.021671	-7.978768
7.794964	-10.204496
6.225816	-8.862051
5.145532	-9.232157
5.307312	-8.661650
6.033417	-8.498639
6.579659	-9.163634
6.406896	-7.798241
7.971375	-8.787139
6.098056	-8.894285
7.038236	-9.381290
5.978447	-10.135001
5.853348	-8.179040
5.408011	-8.124961
7.362426	-8.587519
6.655361	-9.217977
5.005962	-8.245430
6.780401	-9.288453
4.881170	-9.139563
6.182133	-7.977749
8.175846	-9.792312
7.935109	-9.469109
5.467225	-8.916551
5.022848	-10.957762
4.859716	-7.726183
6.837370	-9.878912
7.038236	-8.177744
6.892277	-9.923991
7.076659	-8.682368
5.520205	-9.426014
6.145848	-10.213735
5.686703	-7.887528
6.523427	-9.738902
7.089244	-8.676478
7.267613	-8.175740
5.333437	-9.438127
5.958883	-8.630520
7.078798	-9.019472
7.641881	-9.320301
4.488500	-8.295699
6.890268	-9.173934
5.588043	-9.564389
5.310360	-10.157405
5.859326	-7.779996
6.785403	-10.170329
6.437063	-9.023934
6.668786	-8.011122
6.311411	-7.315435
7.562905	-8.851720
6.391968	-9.175347
6.411596	-9.828134
6.335931	-10.108269
6.767471	-9.983918
6.530887	-8.843301
6.727853	-8.748332
6.244189	-9.761694
6.823521	-8.740928
5.525499	-8.193418
6.435505	-8.480197
5.243606	-9.589227
5.960330	-9.590686
8.377516	-9.431913
6.689134	-8.726575
5.709289	-8.568719
5.163589	-10.190439
6.242182	-10.375117
5.338071	-9.034368
6.951333	-11.916242
5.553552	-9.472388
5.160043	-9.449123
7.215808	-9.119603
6.841895	-7.924681
5.988578	-8.730564
6.067972	-7.974789
8.365366	-10.308677
4.970134	-8.013912
5.810408	-8.498274
6.763761	-11.235176
6.946604	-8.846118
7.861270	-10.330340
5.545213	-8.234938
6.703677	-8.855450
8.089216	-10.365718
6.603596	-8.088885
6.376032	-8.986599
7.184813	-7.851204
7.704249	-7.437720
5.617135	-9.434524
7.883198	-9.298126
5.637460	-9.065024
6.790373	-9.877205
7.059885	-9.369590
6.009385	-9.671356
6.227106	-7.099169
7.345597	-7.548666
5.944878	-8.592939
5.888882	-9.867113
6.017676	-8.400593
4.793302	-9.780230
8.122969	-7.448096
6.900926	-7.532024
9.183018	-10.418199
8.490554	-8.234466
7.165640	-9.756166
5.324470	-10.068152
7.369127	-9.025216
4.052254	-10.195704
7.062753	-8.504464
5.458622	-8.310923
7.223533	-8.736505
7.149981	-8.699240
5.238782	-11.271226
6.662042	-9.171951
5.627239	-9.328768
7.248293	-10.154502
6.670314	-9.847969
6.488590	-9.137339
5.690084	-9.142984
7.443164	-8.123707
5.317494	-7.681618
5.891578	-8.344344
7.579852	-8.627351
7.476101	-8.740031
7.965021	-9.591715
6.071787	-10.814072
6.115769	-10.562848
7.896440	-9.926054
6.009969	-8.970918
7.523311	-8.699544
5.372446	-7.982548
7.640901	-9.625329
5.721863	-10.100336
5.778472	-9.831818
9.227347	-10.381547
7.633257	-8.790066
7.879581	-10.375318
8.425742	-10.489894
6.032588	-8.830586
6.098274	-10.082253
8.602472	-8.977833
6.970163	-9.855702
5.561987	-6.284332
5.031481	-9.804395
7.406360	-8.888418
5.952184	-8.668710
7.340813	-8.115449
6.573469	-9.448661
7.603207	-9.779694
5.678524	-9.361825
6.232776	-9.293593
6.070779	-8.309459
6.476263	-10.378736
5.136500	-9.100207
6.672232	-9.320020
6.722586	-8.263172
7.152539	-8.051335
5.094044	-8.752058
5.076031	-10.682558
6.948094	-9.439953
7.107160	-7.966542
6.010863	-8.472739
5.871670	-8.373878
7.089882	-9.493404
8.196974	-9.222458
2.970860	-9.205674
6.052259	-8.012592
7.290707	-8.322172
7.747727	-7.730776
6.412570	-9.847054
4.544069	-10.090312
6.629699	-8.257581
7.687813	-10.198784
6.788160	-7.891812
5.867600	-9.967593
5.932317	-8.721801
5.810718	-8.419181
6.815907	-7.974898
8.543637	-9.211104
6.726173	-7.706113
7.577952	-8.847047
5.994832	-10.777507
7.035116	-9.513810
5.018359	-11.435301
6.353840	-10.799798
6.786555	-7.885552
6.733154	-9.126215
6.530598	-8.284395
7.296036	-9.393148
5.207569	-8.296898
6.400912	-6.089886
6.536338	-8.228971
7.434909	-9.323756
6.394883	-9.678528
8.209821	-8.183445
5.702621	-10.270834
6.268180	-10.347540
6.305765	-9.245890
7.107074	-7.616773
4.411984	-9.649168
5.338002	-8.820576
5.835400	-8.145001
7.138639	-10.869190
6.954639	-8.722189
7.561620	-8.394368
6.930723	-9.148099
4.856105	-11.105072
8.299554	-8.730954
6.974368	-8.639641
5.946210	-8.480707
7.124548	-8.873726
6.453128	-8.410719
5.896010	-7.939549
7.323630	-8.868725
5.866420	-7.885110
7.253035	-8.859232
5.832359	-8.792334
5.555002	-9.140831
6.885992	-7.945818
5.794730	-8.671276
4.895023	-7.046574
6.332102	-9.897401
7.627015	-9.165067
5.439981	-9.908517
7.956960	-8.955949
5.092641	-9.608341
7.700719	-9.728875
6.656227	-9.039121
6.190193	-10.184126
6.571020	-10.111951
6.694241	-8.863985
7.318155	-7.951080
6.166718	-7.927842
5.148318	-10.525293
7.777962	-8.523666
6.463180	-10.070730
7.590130	-8.258437
5.514847	-9.246496
5.420194	-8.345837
7.778643	-7.479616
6.727548	-10.686507
7.479274	-8.633671
6.227609	-8.682267
5.112568	-9.308091
7.621237	-8.624975
7.646337	-10.733172
8.202938	-7.757078
6.368939	-9.876854
6.203436	-8.105018
6.262192	-8.609215
6.821103	-9.933798
5.654430	-7.835547
7.109146	-8.036400
6.325895	-10.314057
7.597319	-7.843127
6.104837	-10.132733
7.677550	-10.246682
5.639373	-9.431056
6.187971	-9.486107
4.221093	-8.739478
6.479584	-7.679784
6.217087	-10.167781
6.982669	-9.835723
7.035901	-8.114398
4.480634	-10.224119
6.197176	-10.329422
6.382225	-8.715234
7.035410	-8.328827
7.383371	-9.302771
5.419461	-9.853084
5.145049	-8.416720
5.936455	-10.471276
5.056422	-8.818128
7.073935	-9.796362
6.622828	-8.090538
8.151147	-8.587006
5.792036	-8.616735
7.858831	-10.696999
7.072439	-8.308936
5.940269	-9.163359
7.036350	-7.843514
6.669754	-11.070089
7.247875	-9.248490
5.879590	-8.939391
6.517378	-8.695547
6.780755	-9.841834
8.297316	-8.951858
6.151321	-8.928008
4.976006	-9.351727
6.444100	-9.784797
5.018303	-9.175255
8.665670	-10.984109
5.991099	-9.291324
6.054455	-8.108120
5.400242	-9.255012
6.949494	-10.961634
7.202087	-7.685698
6.691264	-8.999153
4.445981	-8.867962
6.524072	-8.566864
6.816678	-8.516440
6.372762	-10.031535
6.869268	-10.540557
7.000940	-8.060581
7.765787	-9.860751
7.755097	-9.906216
6.560894	-10.236747
7.742516	-8.808560
5.942530	-9.529801
5.684900	-9.134464
6.014054	-9.099306
6.541956	-7.747603
6.464672	-9.527539
7.240624	-9.449118
4.887713	-7.448471
5.965101	-8.875553
5.562072	-8.240491
4.654989	-9.159746
7.896499	-10.181237
6.719367	-9.371908
5.144673	-8.279106
7.355806	-9.594480
6.182477	-10.359018
6.088414	-8.207443
6.421316	-6.352374
6.217683	-9.344154
6.545903	-9.029675
6.303815	-8.176813
6.465080	-8.876318
6.448237	-7.339326
5.016429	-9.920779
7.343108	-9.836095
6.834701	-10.298821
5.434276	-9.613119
6.494004	-9.826694
6.913577	-9.238475
5.480249	-9.022854
6.518809	-8.731532
6.789913	-8.814095
6.625754	-10.021328
5.832764	-8.950981
6.205783	-7.759501
5.784832	-8.417843
5.434217	-9.347774
7.538901	-9.659335
6.875263	-9.003482
8.196724	-9.699747
6.427974	-9.064809
5.467540	-9.253992
5.626954	-9.104536
5.904070	-9.417707
5.297560	-9.357087
7.672211	-8.106859
6.074945	-10.200783
5.803255	-9.221314
7.392605	-8.461569
5.708997	-9.281655
8.688653	-8.766548
6.404145	-9.906807
7.163083	-8.728419
7.795168	-9.438949
6.676369	-8.348423
6.698697	-8.393407
7.547229	-8.379909
6.660151	-8.140124
5.518814	-8.638692
5.261580	-8.294777
7.701992	-9.848389
6.916258	-9.018943
5.993422	-9.643373
7.106846	-7.910997
5.727837	-9.211276
5.344676	-9.236428
6.764540	-8.618813
5.845866	-6.907782
6.787208	-8.826307
6.369508	-7.865003
7.582942	-8.255322
7.557775	-9.960351
6.658507	-6.312222
5.088694	-9.334929
6.410907	-10.288073
5.414657	-9.648339
4.690619	-8.820645
5.290460	-7.807737
7.891030	-8.743903
6.546839	-10.248207
6.418561	-8.103409
7.184465	-9.573583
6.667280	-10.692999
6.293512	-8.644701
5.512884	-9.892810
8.119735	-9.803792
6.764874	-8.576893
7.836094	-9.249092
7.601880	-10.125141
5.504333	-8.515791
7.949515	-8.396470
7.776242	-9.796018
5.474647	-8.926842
5.454775	-9.054213
4.093318	-9.880332
7.948301	-8.866742
7.002792	-9.698325
6.385217	-9.228051
6.177757	-9.947303
4.799300	-8.091982
6.423313	-10.433060
6.477003	-9.305437
5.278742	-8.631787
8.022333	-9.004313
6.265149	-9.541001
7.068694	-10.148439
6.669669	-8.400903
6.340232	-9.034886
5.742192	-8.769026
7.511327	-10.070930
5.972122	-8.782253
5.986521	-8.519261
7.533642	-9.091532
6.660399	-7.846457
6.270130	-9.038037
7.747562	-9.280483
6.496455	-9.508559
5.137135	-9.647523
8.378030	-9.811929
6.793411	-10.152938
7.507455	-8.793535
5.903196	-8.030522
7.118519	-9.311753
6.482271	-8.549160
5.604922	-9.550950
5.096811	-9.668208
7.681845	-8.424715
5.986553	-7.827464
7.330637	-9.618879
4.312765	-8.823686
6.499773	-8.809295
7.173541	-9.688438
5.595059	-8.722989
6.631684	-9.620379
7.074302	-7.687324
6.572423	-10.323358
6.388999	-9.637976
7.063064	-10.415192
5.981674	-8.517956
7.319764	-10.323700
5.705022	-7.546068
6.499744	-9.140682
5.390483	-9.773473
7.456922	-10.066286
9.815126	-8.062546
6.585534	-9.820699
5.819348	-7.640093
6.167206	-9.853303
4.222118	-10.103114
7.267957	-8.251555
6.336043	-8.813992
7.039785	-8.450950
6.939713	-8.256934
7.634542	-10.242755
5.871909	-9.423168
6.381620	-10.526955
5.650176	-9.044352
7.228619	-8.758514
6.530132	-11.005457
7.303520	-7.981986
7.015518	-9.568031
6.197667	-10.698418
5.692384	-10.118190
5.531586	-9.391635
6.289250	-9.636452
6.039556	-8.013844
6.975889	-7.525780
6.136125	-8.856916
6.237510	-10.632246
5.403836	-9.855855
6.138265	-10.654323
6.856511	-9.297093
6.082634	-7.295216
7.959432	-9.475985
6.190369	-7.953277
5.325496	-8.052624
7.096834	-9.681236
6.914629	-10.168565
5.922544	-10.423089
6.939844	-7.833459
5.492741	-9.582965
6.431215	-8.818037
9.038587	-9.884675
7.848709	-7.300069
7.771982	-9.168987
7.760589	-8.730129
4.914904	-8.686962
5.644779	-10.396633
5.180862	-8.748311
6.652169	-10.117823
6.665177	-9.251606
7.465698	-9.980199
6.746981	-10.766604
8.051552	-7.270748
4.883331	-10.338659
6.091173	-7.800739
5.274216	-7.798826
4.787706	-9.226076
4.707855	-8.438939
5.473445	-7.931891
6.215087	-8.732941
5.308689	-9.746818
4.806494	-9.542339
6.703324	-9.939178
7.708958	-9.338371
5.498313	-10.887187
5.590528	-8.302447
4.976911	-9.770899
7.145036	-8.659355
6.239252	-10.182163
6.624441	-10.033252
5.945393	-9.239978
5.038521	-8.396739
7.580035	-10.705928
5.479967	-10.435882
6.645986	-9.104013
5.573323	-8.038601
8.017770	-10.434735
6.513276	-7.709838
6.438516	-10.590452
5.790915	-9.580179
5.341643	-8.148158
7.282275	-8.923929
6.890609	-8.209481
6.990997	-8.848395
6.956221	-10.081340
6.042066	-8.777008
7.705453	-10.057566
6.477648	-8.583235
7.193832	-8.266726
7.910977	-8.828964
4.897397	-9.751602
5.615830	-9.288629
7.421893	-9.666535
6.283436	-9.103446
5.969870	-9.560479
5.530527	-10.830170
9.652862	-8.955673
4.957894	-8.077466
5.566472	-10.472825
6.734583	-8.108165
6.515807	-10.144921
7.503898	-10.399106
7.693363	-9.842309
5.963139	-8.701909
6.899087	-10.298866
8.029120	-10.453746
6.428361	-8.620234
7.542934	-8.401132
7.584173	-8.221097
6.387203	-9.713836
8.128716	-10.482782
7.070539	-9.136892
6.803561	-9.414052
7.704046	-11.643254
6.295290	-9.682332
6.306620	-7.428352
6.179068	-9.745678
6.556991	-10.817319
4.925503	-9.038301
6.673907	-9.968782
5.923556	-9.772343
5.446027	-9.420222
4.790373	-9.459952
7.453570	-9.817782
6.469811	-9.545569
5.902056	-10.482837
7.624388	-8.213603
5.236617	-8.053475
6.715528	-9.021790
5.394592	-8.451498
7.872669	-8.765035
5.804303	-9.505669
5.509715	-9.898196
6.793191	-8.449529
6.561548	-8.868092
7.517608	-8.905793
5.280407	-9.704543
7.172269	-9.065875
7.160428	-10.446748
5.551393	-10.243672
7.162656	-8.614168
5.367710	-8.714794
7.104873	-8.926061
5.729988	-10.088544
6.854289	-10.777600
7.261081	-8.730187
6.531218	-10.900114
7.443381	-9.630920
6.254119	-10.019041
4.706137	-11.127435
5.174335	-7.759364
6.597850	-7.157896
6.821436	-8.839087
9.618849	-8.420228
6.867574	-9.574291
6.373092	-8.472113
3.800095	-8.432116
5.902230	-8.286219
6.506764	-9.828913
6.132753	-10.212720
5.238040	-9.554424
6.156834	-7.709202
5.431994	-8.707068
5.149248	-7.750711
5.108729	-7.392624
8.460371	-7.966245
5.676368	-9.479887
6.073431	-9.315810
6.480284	-9.639770
7.830223	-7.885612
6.557935	-9.196758
7.048540	-9.302152
6.937258	-9.765096
4.220980	-10.729893
5.053766	-7.485265
6.666505	-8.077439
6.285262	-10.452529
5.766252	-10.586329
7.130873	-8.789603
4.777566	-9.110419
7.101139	-9.441572
6.325238	-10.352826
5.489936	-9.345226
4.522993	-8.497877
4.611878	-9.410500
5.683087	-9.527617
7.264510	-9.165566
6.247946	-10.192068
6.228765	-10.068663
7.017784	-8.865079
7.198101	-8.201106
6.792949	-9.277818
6.476800	-10.341235
4.997494	-8.634159
5.678816	-9.927057
5.825975	-8.181333
4.761386	-10.290083
6.913081	-9.505812
7.254938	-9.677472
6.299721	-8.966353
7.390309	-7.688434
6.396853	-8.320184
6.944112	-9.523610
5.479232	-9.761961
6.601087	-10.717335
5.353173	-10.390841
6.666160	-10.036472
5.754108	-9.489186
5.852269	-8.373132
7.652703	-9.425757
5.359530	-8.823320
5.478857	-7.980030
7.609142	-9.028297
6.444818	-8.559008
7.810566	-8.813001
4.217520	-9.640077
6.815947	-10.179509
6.836880	-8.997767
6.404599	-9.102123
-6.435410	2.109850
-10.134449	1.535977
-6.872172	-0.253647
-6.697958	2.682320
-7.855118	1.510597
-7.120967	2.506630
-8.045418	2.564801
-7.235969	2.052813
-5.111515	3.993939
-9.574257	2.654288
-7.947939	0.935577
-7.124702	-0.339114
-7.406069	2.231111
-7.242327	1.555389
-8.734962	1.185335
-8.861479	1.237459
-6.864334	0.882764
-8.450095	2.506157
-8.250688	3.501416
-7.430275	2.838476
-6.663463	1.975438
-6.117819	1.900247
-7.399417	3.097832
-8.463002	2.680441
-9.616501	1.257886
-7.685021	1.625342
-7.139374	2.691145
-8.330646	1.885063
-7.722420	2.196519
-7.020353	0.509100
-6.764749	2.333307
-8.237902	2.180514
-7.277488	1.185064
-8.465537	3.002679
-8.479383	4.302908
-7.832348	1.811765
-6.490383	2.314794
-7.058613	0.334364
-8.028913	0.245950
-7.602118	1.692880
-8.150053	3.370999
-7.953426	1.943259
-6.245577	2.436503
-7.310209	1.922496
-9.621387	1.732464
-7.892706	2.244070
-7.929104	2.615595
-8.653846	1.719916
-10.565750	1.394324
-9.170948	0.302800
-7.587892	1.842546
-8.579599	2.281938
-8.504857	1.141492
-7.085500	1.349915
-7.577439	3.629323
-6.794172	2.270118
-7.408184	2.497554
-7.823485	-0.034861
-6.889786	0.951355
-6.477578	1.876122
-7.835222	2.291021
-7.671704	2.118854
-8.836372	1.002754
-6.881327	1.618158
-9.167207	2.413631
-8.008227	1.890865
-7.341334	2.774346
-8.066926	1.378897
-9.970813	3.030794
-8.605855	1.769645
-6.821674	1.566772
-9.586233	2.059678
-8.186509	1.459968
-8.798744	1.184848
-7.910351	0.406997
-8.529513	0.187304
-8.467650	-0.137678
-6.083549	0.965310
-8.195422	1.926247
-8.332895	2.344902
-8.330214	2.698782
-10.401717	1.839422
-8.153487	2.979002
-8.515997	0.434302
-8.422427	2.135157
-8.009256	2.307643
-7.220688	1.822387
-7.999001	2.276249
-9.145717	1.936631
-7.839304	2.042718
-8.860771	1.126539
-8.957808	0.684564
-7.899914	1.641130
-11.273432	1.110587
-7.227563	4.478996
-6.076195	0.803657
-7.243022	0.969226
-8.600214	3.326468
-7.299721	2.458825
-6.677075	1.147342
-6.838193	2.222673
-6.689442	0.432416
-7.922971	0.727602
-6.861629	2.474550
-8.716335	1.533979
-6.996475	1.394413
-7.982291	-0.142724
-7.582206	1.665692
-8.081783	3.797890
-8.212742	3.663073
-8.388414	1.470296
-8.383249	3.081182
-8.877431	2.771666
-9.010514	1.147797
-7.883411	2.958584
-8.249027	2.130514
-7.746954	2.274479
-8.828992	2.216243
-9.417282	0.568755
-7.591390	1.381565
-7.438976	1.265325
-6.391756	2.801281
-8.601707	1.684856
-7.509729	1.370131
-8.277587	0.893607
-7.913872	4.243762
-8.272626	2.307724
-7.497056	2.466869
-8.469174	2.119686
-7.916537	2.563942
-7.863348	2.488713
-8.228485	2.249121
-7.922061	0.847158
-8.515934	0.209109
-7.488597	0.374807
-5.384732	2.002304
-6.620301	1.626680
-7.769025	1.951110
-5.759834	2.519533
-8.783836	2.544115
-7.368528	1.778379
-6.194138	1.019865
-6.952290	2.481664
-6.450408	2.512830
-7.746519	0.423890
-8.386479	1.375899
-7.970913	2.371813
-7.831666	0.992266
-8.340436	2.251119
-8.467967	2.449949
-9.377710	3.313255
-8.369509	2.614347
-8.322360	1.001015
-7.388500	1.851602
-8.935959	0.591487
-5.986462	0.578878
-10.196776	3.043599
-9.237616	0.731445
-8.337176	2.887551
-7.084195	2.148016
-9.822320	1.932634
-7.468081	3.752630
-7.484820	1.576587
-6.978336	1.701765
-8.254281	0.821441
-8.348834	3.007241
-7.851269	1.962518
-6.533173	-0.437689
-8.486877	2.545928
-7.786579	1.877691
-8.209503	3.307500
-6.959808	1.999363
-7.513632	3.720402
-9.371935	0.776316
-7.827713	0.043696
-8.025788	1.193649
-9.972405	2.987121
-8.380260	2.748829
-7.278890	1.749605
-9.178546	1.324436
-7.867614	3.219545
-8.509871	3.632912
-7.839384	2.980597
-7.866675	4.207762
-9.799010	1.750185
-7.317301	1.104589
-7.585356	2.197181
-7.227827	0.329312
-7.450644	3.219724
-5.870566	1.099660
-9.876698	3.061712
-8.530576	2.142584
-6.545982	2.028692
-5.976689	0.923772
-8.495245	2.044582
-7.479686	2.620064
-7.124234	1.335410
-6.640865	2.087153
-7.143415	2.392903
-8.581050	2.472150
-9.692900	1.930278
-9.408583	1.732185
-7.846431	0.578457
-7.001695	3.565223
-5.433516	2.081900
-7.528593	1.774934
-7.206406	0.272037
-8.098450	0.069693
-6.812612	2.754763
-8.097030	3.158584
-7.247572	2.614895
-9.216700	1.551037
-7.958278	1.984434
-6.150159	1.059085
-5.693833	1.184151
-6.502979	2.435932
-8.230096	1.926602
-7.292390	3.297049
-9.265147	2.369992
-7.680109	1.808529
-9.458502	1.478751
-8.797313	0.835912
-5.464492	0.780348
-8.830681	2.262645
-8.546518	1.916079
-8.411817	2.474974
-8.390986	1.026881
-6.675499	1.989152
-8.663381	1.284990
-8.149709	1.002653
-7.084899	2.210027
-8.241051	1.614088
-6.562751	1.519067
-5.143830	3.193169
-7.009249	2.102046
-8.456961	1.367022
-7.700871	0.541506
-8.403973	1.679212
-8.578350	3.604737
-7.097364	1.594795
-7.564856	-0.196219
-9.114041	2.243643
-7.708657	1.602978
-9.323185	0.336139
-8.235883	2.509646
-8.523730	2.003447
-8.923798	1.668887
-7.498263	2.253887
-7.259324	2.936813
-8.517673	1.074574
-8.477746	2.564379
-6.250593	2.425832
-7.850929	3.928953
-6.896683	1.977472
-9.302661	3.034958
-6.364798	1.343330
-7.598423	1.864924
-7.493440	2.675522
-7.849363	3.045275
-6.793910	1.577616
-6.410005	1.901154
-7.008604	1.674599
-7.032085	1.199937
-8.401180	3.675281
-8.972024	3.370008
-7.368370	1.056575
-8.680953	1.930089
-8.073348	1.786363
-7.368303	3.152239
-6.798564	2.207468
-7.318242	2.365963
-8.712058	1.235220
-7.662265	2.286180
-8.246095	2.404864
-7.274727	2.321315
-7.673056	1.071691
-8.756039	1.653238
-8.803839	1.789202
-7.391971	2.032649
-6.783754	2.348959
-7.445203	1.110873
-6.499466	3.119801
-7.610427	2.725694
-6.517375	2.179828
-6.959083	3.435574
-6.054877	-0.421527
-7.459935	2.015102
-6.794775	2.230037
-8.317428	1.617363
-7.074131	3.347859
-7.183495	0.830171
-8.380464	1.781140
-7.220661	2.555355
-8.902481	2.911303
-7.367649	3.112852
-7.415233	1.759353
-7.985722	2.129940
-8.596728	2.170064
-8.602001	2.872444
-7.561605	1.781637
-6.406883	2.476007
-7.775856	1.570248
-5.502206	1.547595
-6.491171	3.474092
-8.623173	2.943129
-8.591595	2.446544
-7.580774	2.724754
-7.322832	1.637425
-7.992429	1.695501
-7.420234	2.332576
-9.541662	0.853047
-6.279498	1.293962
-8.832223	0.898888
-8.838726	1.917854
-8.582120	1.343558
-5.458554	3.172636
-7.482112	4.100026
-7.736656	2.456167
-6.558186	0.946529
-5.870571	1.902873
-5.997739	0.951346
-7.647000	0.555989
-7.685748	2.290063
-8.153810	1.951917
-6.590124	2.089023
-7.835486	1.344505
-6.223855	1.757183
-7.821660	1.897995
-7.273800	1.859055
-7.217099	1.553137
-8.139998	1.749232
-9.300352	2.930761
-7.254989	1.894776
-8.592416	1.021704
-8.398703	1.832303
-8.632699	3.311943
-6.750357	2.498548
-7.803774	1.891626
-8.944420	0.996586
-6.950787	3.527079
-7.636888	2.217208
-7.888280	3.978358
-8.403904	2.788914
-7.329075	3.236841
-8.417630	1.781695
-8.614467	1.377758
-6.885981	2.479086
-9.508606	3.124916
-7.763995	1.035317
-7.673726	0.422761
-6.953710	2.930794
-7.190626	1.689125
-7.550116	1.942831
-6.760690	3.490716
-8.198578	2.269446
-7.627526	2.599643
-9.567261	1.756460
-6.858738	-0.732102
-7.372610	-1.003632
-8.112491	1.060445
-6.185463	2.087470
-7.705021	3.212661
-8.410732	2.941501
-7.196012	2.731190
-8.268630	1.293390
-7.745944	0.692208
-10.330314	1.428357
-8.426526	1.997035
-8.285271	2.231506
-7.321793	0.873438
-6.479860	2.904821
-6.479716	1.756211
-7.844490	2.005610
-7.072550	1.738245
-9.908624	2.570183
-8.357525	2.081178
-9.377626	1.591734
-5.661340	1.286227
-6.782207	3.549098
-7.484471	2.051466
-8.103055	0.931232
-9.043266	0.966659
-6.380537	1.708335
-7.665744	1.115647
-5.841061	0.199080
-7.840477	2.139692
-7.920454	1.267291
-8.413831	1.378458
-7.952585	1.091121
-9.888931	1.888267
-6.739981	2.780962
-7.033468	2.820639
-9.153792	1.970925
-6.606652	1.877152
-7.822955	0.381823
-7.471521	2.477749
-9.483179	1.032795
-7.999278	1.752399
-7.075174	0.813626
-7.935366	1.114289
-8.420308	-0.034479
-7.615327	2.432985
-7.808248	1.925740
-5.923579	1.860689
-7.167760	3.184776
-7.908678	2.026459
-8.922864	1.424564
-6.188118	1.469246
-8.608710	2.837854
-8.983020	3.009344
-7.833514	3.240649
-9.814392	-0.124269
-6.698698	2.540354
-8.516054	3.324488
-7.561700	2.125602
-8.265613	0.327838
-9.158174	2.886385
-6.819215	2.922383
-8.216205	1.199228
-8.613444	1.330350
-7.504584	2.980582
-8.132147	1.691247
-7.970074	1.813243
-10.273784	0.817481
-5.591070	1.264741
-8.066968	1.964074
-7.779481	1.137896
-7.229945	-0.699859
-6.556395	2.664197
-8.715588	1.531639
-7.242970	2.136249
-6.797620	1.746631
-7.442927	1.050040
-8.383933	2.578150
-7.198849	2.623185
-7.590504	1.401154
-9.138638	2.450318
-8.197218	2.352858
-8.584071	-0.110736
-7.632146	1.579667
-8.044676	1.456806
-6.990483	2.921870
-8.532864	2.369253
-7.269117	4.046332
-8.341124	3.283356
-7.879444	3.422043
-8.108237	2.492718
-7.931039	2.170699
-6.770908	0.539460
-8.070573	2.737519
-8.025618	3.808987
-8.327989	2.651874
-9.050794	2.379896
-6.826274	2.292594
-7.332873	0.941714
-8.118815	2.003328
-7.078785	2.528588
-8.455598	1.574681
-8.107638	1.170570
-8.349472	0.772336
-8.092407	2.657263
-8.150955	0.982938
-7.440491	3.058154
-8.551343	1.255627
-6.543474	2.584184
-7.048544	1.329902
-8.534545	2.033627
-7.122600	3.750332
-8.434499	0.469148
-9.494422	2.203606
-7.363091	1.870237
-7.364794	2.683878
-7.360647	0.213996
-8.318462	1.445047
-7.649172	2.292927
-6.359296	2.821753
-7.312418	1.659642
-6.962922	2.923538
-7.709925	2.001726
-6.592752	0.837521
-7.305576	1.590412
-8.397642	1.942112
-7.383508	3.747612
-6.881010	2.787574
-8.555578	1.518048
-8.214026	3.286150
-8.710101	2.766925
-8.987048	0.188576
-6.871184	1.429860
-10.019165	1.068282
-7.053469	2.646390
-9.340762	3.314758
-6.885654	2.759088
-6.733511	2.381966
-8.158449	1.510778
-5.911799	2.529588
-8.179735	2.009398
-6.972424	2.241795
-9.219230	2.379842
-8.878681	1.768058
-7.908028	0.962002
-7.956696	3.450961
-8.942730	1.587509
-7.619637	-0.330129
-7.517178	1.871377
-9.628465	-0.913629
-7.953787	2.020983
-7.831798	1.298403
-8.122791	2.463325
-8.420588	2.565892
-8.914949	0.913623
-8.094703	2.395258
-5.646633	1.544533
-8.501732	1.774196
-8.039765	1.816946
-5.455989	4.022522
-8.375091	1.212821
-9.801554	2.076167
-7.611115	1.449577
-8.383333	1.438922
-7.283914	1.837635
-7.285893	1.540681
-8.531021	1.102642
-7.317405	2.109323
-7.800246	1.312181
-7.935687	4.630866
-8.890315	1.965265
-8.829810	2.492580
-8.208498	2.314526
-8.265356	1.928493
-7.584944	2.061194
-7.481101	2.180455
-9.092615	2.811103
-8.158043	2.310302
-9.234950	0.876381
-8.135555	1.725513
-7.755116	2.870783
-10.607112	0.422583
-8.174100	2.387810
-7.538494	1.594737
-7.366500	1.288394
-8.315699	3.688330
-8.388235	1.230024
-7.316899	1.247820
-7.560042	1.259752
-7.922450	3.979647
-9.629573	1.835707
-6.221488	3.017437
-8.177562	1.421813
-6.456567	2.689888
-7.939792	-0.086059
-7.417299	2.661425
-7.556205	1.280492
-6.389655	-0.767388
-9.559444	1.010014
-7.197569	0.286313
-8.581867	0.277257
-7.457339	2.132346
-9.678003	1.216123
-7.564593	2.111542
-8.020242	0.569956
-8.456944	1.299010
-7.420475	2.613698
-9.257704	2.000839
-12.093780	0.509756
-5.960520	1.882842
-6.808884	2.163635
-6.664947	2.868104
-8.834006	2.579322
-8.472447	2.537941
-7.264598	0.749406
-8.981387	3.002627
-8.054599	3.688557
-7.557093	2.369549
-8.855720	2.455993
-6.538652	3.865693
-5.991688	1.936203
-8.530986	2.968695
-8.942872	2.571795
-9.688995	1.744387
-7.722712	1.010650
-8.464898	-0.950651
-7.995716	1.153817
-7.042174	1.456906
-10.046043	2.691664
-8.128330	1.761413
-7.835925	3.864839
-7.652660	2.360878
-9.008537	1.408106
-7.677845	4.201290
-6.939093	1.789385
-7.645784	0.060483
-7.327045	1.306914
-8.383408	0.610462
-7.023647	4.280388
-8.121014	2.215543
-6.499429	1.109456
-10.010630	4.074361
-6.494905	3.401004
-8.829363	1.842836
-6.913089	1.813766
-9.801089	0.831502
-9.289497	2.117854
-7.404203	2.292894
-8.209374	2.924704
-6.717389	2.504550
-6.689866	2.288240
-7.891367	2.369360
-9.194875	2.846995
-8.265448	2.049726
-9.709439	1.528451
-6.525554	0.665872
-8.005546	1.798034
-9.288909	1.515185
-8.419319	3.152204
-8.210127	1.288282
-7.241786	3.861645
-8.508575	1.513277
-6.986278	0.426507
-6.858616	1.811743
-6.970517	2.593592
-9.780438	2.730399
-8.125649	2.069431
-5.723716	1.961909
-8.727233	2.345608
-7.172701	1.822563
-6.177096	2.483170
-9.123541	2.550582
-9.440462	2.667254
-7.717442	2.443766
-8.395531	0.590243
-8.602198	2.278703
-8.375706	0.691323
-8.046347	0.320792
-7.931095	2.141576
-7.585032	1.851587
-7.362251	3.296433
-8.228246	1.806008
-8.183729	0.956788
-8.094599	0.978038
-8.456465	1.325432
-8.220352	1.980234
-8.981021	1.731691
-7.025906	1.705338
-8.408179	2.552505
-9.077490	2.381941
-8.190310	0.101162
-7.137768	0.394337
-9.296164	3.002812
-8.378712	2.427597
-8.587572	2.417043
-8.024885	3.056036
-6.988702	1.749816
-9.067707	1.474045
-6.205569	2.649281
-9.088391	2.280236
-7.281313	0.772281
-8.148476	3.580825
-7.604116	0.461467
-9.589013	0.812425
-9.689378	4.455887
-7.917862	3.329753
-8.057043	1.996385
-7.536241	2.134216
-9.144092	2.873604
-7.441728	4.162098
-7.872087	2.544400
-8.687103	3.207753
-6.808420	3.279541
-9.043163	1.882889
-8.265017	1.503213
-7.371919	3.133925
-7.306822	3.020281
-8.308352	2.202228
-7.400934	1.433327
-7.074337	1.333237
-7.275292	1.407690
-8.999309	2.678435
-6.763263	0.674641
-7.416231	1.654656
-8.903901	4.140709
-7.089338	2.802769
-9.006541	1.243405
-8.039251	0.111367
-7.197284	0.186424
-8.695454	2.360169
-7.508036	0.721141
-7.766431	0.070008
-8.171954	1.026061
-7.584999	1.174977
-6.978464	2.834244
-8.309195	1.460305
-8.486620	2.719448
-9.867095	0.320986
-7.518160	3.309783
-8.915777	2.148272
-6.898480	1.274848
-7.261256	3.045980
-7.260445	2.023363
-7.147890	1.999866
-7.465463	3.303773
-8.842598	1.160632
-9.515376	1.402818
-7.631167	2.642616
-9.398793	1.716941
-7.296387	2.971278
-7.293053	2.512168
-7.800341	3.690656
-6.459736	0.619370
-8.172801	2.316711
-7.525076	3.152512
-7.656803	2.373877
-8.170046	1.279667
-6.833606	1.956078
-7.885944	2.814854
-7.340763	3.130740
-7.552879	0.927883
-8.136125	1.762102
-7.688085	-0.492537
-6.206612	0.859239
-8.291084	1.542589
-6.639054	1.343625
-9.363155	1.445654
-8.928561	1.814144
-7.615162	1.463614
-7.335057	1.849013
-6.962909	3.077544
-10.650705	0.666822
-7.301243	0.620567
-7.969608	1.284713
-6.656481	2.516655
-8.725360	-0.445543
-8.496777	1.061700
-7.112883	2.646290
-8.501294	0.455095
-7.475920	1.940557
-9.623521	1.840118
-9.606072	1.171975
-6.660254	3.228480
-9.365122	2.820247
-7.696974	3.069122
-8.120151	3.740467
-8.185938	2.543621
-7.585690	2.950906
-7.285719	1.027323
-6.248112	1.327297
-5.539776	2.198299
-7.496533	-0.313566
-7.421518	3.673079
-7.887713	1.345626
-6.873228	1.461108
-6.934751	1.575030
-8.499090	1.927599
-7.814788	0.488622
-6.843630	1.196341
-8.119123	4.287125
-8.664184	3.453176
-8.409573	0.299112
-6.600571	1.922386
-7.380592	2.500783
-7.893340	1.760720
-6.657612	1.654939
-8.767191	-0.239970
-8.778489	1.556735
-7.532187	1.345797
-5.326142	2.098559
-9.851293	2.086159
-9.300230	2.079613
-7.151980	1.939041
-8.394569	2.844084
-7.319309	0.237691
-9.750707	0.262538
-9.473996	1.383044
-7.692430	2.071519
-7.586442	2.068321
-6.129524	2.048567
-7.912051	2.328225
-9.171351	1.799473
-7.876959	2.473703
-6.832885	2.562457
-7.930615	2.133284
-8.900445	2.640552
-6.281965	1.728713
-7.531237	2.772329
-8.515137	2.364329
-6.445990	0.809015
-7.800106	4.351861
-8.008587	1.365208
-7.697418	1.305787
-10.391734	-0.215479
-7.160133	1.440980
-8.509485	0.566654
-8.923646	3.300909
-8.284681	4.115846
-6.136109	2.394431
-7.129800	1.684011
-9.619318	1.896675
-5.797202	2.951362
-7.357102	1.408847
-8.991336	2.296490
