1.000784	-0.338524
0.986678	0.051429
0.998338	0.181969
1.142526	-0.163657
1.053691	-0.031360
1.012611	-0.003944
1.116323	-0.065192
1.019405	-0.023884
1.077008	0.120906
1.001265	0.057628
1.042808	0.073468
1.099418	0.081581
0.935464	0.149794
0.945105	0.051421
1.010152	-0.102800
1.083224	-0.028386
0.954928	-0.027680
1.086321	-0.008485
1.012169	0.217651
1.064181	0.126739
0.909942	-0.088571
1.061154	-0.034257
0.939463	-0.062783
1.012322	0.145916
1.026677	0.146404
1.020487	0.220632
0.813096	0.180506
1.037004	0.120424
0.856375	0.070470
0.855690	0.111022
0.832006	0.128241
1.064117	0.100906
0.988660	0.007690
0.974722	0.195340
0.954336	0.209538
1.096062	0.117706
1.127301	0.162968
0.846628	0.113282
0.955834	0.154971
0.825110	0.158807
0.879173	0.310768
0.907799	0.246081
0.771885	0.243166
1.026073	0.289114
0.773224	-0.055200
0.934711	0.309814
0.895044	0.278302
1.013537	0.428608
0.964386	0.289881
0.925456	0.219459
1.109323	0.269817
0.971882	0.320196
0.855078	0.198871
1.016522	0.078436
0.995496	0.190573
0.887243	0.164539
1.046768	0.181294
0.993308	0.201743
0.860005	0.226022
1.038597	0.400955
1.014196	0.378061
0.951437	0.206285
1.013779	0.331175
0.959623	0.287648
0.952192	0.335208
1.041488	0.444975
0.770749	0.504926
1.051239	0.304991
0.680927	0.350647
1.009563	0.426095
0.865809	0.405741
0.780433	0.448521
0.793086	0.314588
1.025242	0.429072
0.997630	0.383803
0.916023	0.596288
0.980665	0.501024
0.932266	0.327449
0.840071	0.580445
0.990639	0.409278
1.072411	0.540731
0.853547	0.562910
0.941827	0.494288
0.781223	0.339360
0.759867	0.501835
0.983373	0.325446
0.769065	0.282365
0.995490	0.581019
0.540291	0.474615
0.743820	0.416701
1.105210	0.576720
0.856631	0.431620
0.788579	0.570066
1.006000	0.570333
0.951348	0.511372
1.026869	0.398606
0.864265	0.543481
0.814605	0.460105
0.844796	0.415725
0.912400	0.619640
0.686825	0.393074
0.796768	0.433652
0.934921	0.433030
0.731002	0.642174
0.933641	0.476813
0.754697	0.584763
1.016526	0.606703
0.889843	0.636085
0.827557	0.606930
0.887460	0.661799
0.933722	0.575146
0.732131	0.566491
0.729305	0.567461
1.098398	0.580275
0.694300	0.644255
0.786260	0.579528
0.771231	0.679517
0.597168	0.526236
0.879758	0.668608
0.843224	0.554884
0.768203	0.504101
0.712609	0.633368
0.923667	0.484913
0.952476	0.603240
0.877855	0.500584
0.831539	0.714979
0.753182	0.754703
0.773201	0.549904
0.738439	0.797494
0.848395	0.530452
0.639487	0.629749
0.921939	0.667868
0.801091	0.668848
0.661775	0.753488
0.682166	0.882667
0.638680	0.542884
0.668318	0.660290
0.720758	0.766700
0.518340	0.588537
0.746715	0.675167
0.622128	0.600201
0.743923	0.509573
0.721855	0.562800
0.884823	0.448798
1.011496	0.685170
0.663077	0.706888
0.860437	0.780789
0.630188	0.804302
0.561984	0.606934
0.847438	0.556633
0.608235	0.622597
0.810553	0.600828
0.686728	0.752667
0.561475	0.591873
0.526953	0.917305
0.750385	0.838115
0.820802	0.858587
0.746698	0.688754
0.685508	0.850809
0.616959	0.475839
0.624519	0.689715
0.631991	0.738728
0.710825	0.746768
0.873786	0.608282
0.653373	0.856435
0.541091	0.714591
0.599290	0.868140
0.937547	0.729515
0.636232	0.846466
0.536723	0.867478
0.553961	0.782490
0.667379	0.613775
0.555608	0.797261
0.469608	0.737664
0.572421	0.682767
0.631712	0.817028
0.638887	0.760277
0.668700	0.822247
0.544331	0.699279
0.539200	0.604887
0.355633	0.909015
0.588394	0.919886
0.513992	0.723870
0.713635	0.704650
0.445919	0.803762
0.610490	0.761811
0.285724	0.940772
0.534652	0.873441
0.517656	0.731602
0.651832	0.727872
0.757327	0.964409
0.334966	0.839691
0.695170	0.893207
0.542283	0.840721
0.605421	1.015488
0.527193	0.931138
0.621217	0.889030
0.442572	0.638578
0.573933	0.940281
0.496340	0.923014
0.468685	0.816967
0.405136	0.923995
0.529848	0.749571
0.617491	0.774229
0.401064	0.847399
0.540214	0.816411
0.378369	0.924280
0.517726	0.863950
0.514188	0.769289
0.368328	1.000623
0.447849	0.934430
0.357679	1.075927
0.352618	0.815068
0.592516	0.967167
0.321587	1.009929
0.573482	0.808109
0.282059	0.842795
0.455720	1.063276
0.463595	1.098932
0.410984	1.029535
0.372372	0.974584
0.370256	1.155173
0.403516	1.026641
0.314820	1.056543
0.336594	1.003492
0.429980	0.922580
0.401424	0.886246
0.340060	0.921544
0.395320	1.188236
0.326001	0.915795
0.242466	0.908297
0.375099	0.678723
0.395903	0.825696
0.389807	0.898208
0.191753	0.988145
0.360820	0.998817
0.315892	0.778599
0.280472	1.015231
0.194992	1.048895
0.302866	1.066049
0.139931	0.914547
0.270773	0.827456
0.480557	0.801138
0.140343	0.956805
0.196368	0.893677
0.189961	1.006675
0.094525	0.747562
0.272836	0.868456
0.282995	0.953047
0.342594	0.927010
0.049201	0.922831
0.302752	0.860826
0.176474	0.944998
0.564356	0.979315
0.274067	0.892778
0.137520	0.998507
0.226922	0.944570
0.077578	0.842737
0.406901	1.107753
0.047536	1.152183
0.151142	1.090105
0.285014	0.923228
0.322704	0.851117
0.173466	0.880026
0.069683	1.051557
0.063740	0.952613
0.250015	0.933948
0.300619	0.951661
0.081618	1.115091
0.208009	0.834566
0.058109	0.967369
0.226683	0.872611
0.080145	1.038675
0.034123	0.961849
0.180656	1.072091
0.108185	0.876693
0.043754	0.905472
0.069183	1.048692
0.149920	0.901110
0.210062	1.054624
-0.057431	1.199685
0.087476	1.031012
-0.018831	0.987013
0.231997	0.939374
0.033928	0.866394
0.254348	0.958454
-0.056208	0.972448
0.020223	0.964517
-0.107681	1.183502
0.225071	1.032980
0.102434	1.054267
0.013704	0.977909
-0.131745	0.843709
0.057645	1.053459
0.053658	1.049603
0.002396	1.028173
0.019993	0.997829
-0.146790	0.949714
0.024570	0.708614
0.178786	1.049493
0.206917	1.005339
-0.040259	1.043971
0.118981	0.918463
0.232214	1.114037
0.011874	0.773507
0.024884	0.974175
-0.081667	0.776667
0.059173	1.011020
-0.000800	1.087215
-0.038639	0.967023
0.140319	1.187070
-0.070621	1.013382
-0.075562	1.144945
-0.208886	0.993790
-0.007930	0.943806
-0.326511	0.928613
-0.207311	1.044436
-0.163479	0.832679
0.126340	0.594774
-0.094855	1.083700
-0.175508	1.069796
-0.116450	0.956289
-0.045304	0.923463
-0.098473	0.917685
-0.316275	1.065855
-0.217424	0.842044
-0.238936	1.019591
-0.175492	0.877779
-0.026353	0.924842
-0.045134	0.964617
-0.015134	0.878868
-0.070255	1.030053
-0.249479	0.981161
-0.070562	1.092784
-0.100742	0.878187
-0.286569	1.107140
-0.186062	1.020670
-0.107145	0.978268
-0.249023	0.882883
-0.177806	1.101902
-0.244448	0.934237
-0.191889	0.999879
-0.017123	0.995810
-0.260922	1.013079
-0.342564	0.949019
-0.303037	1.074916
-0.334335	0.899664
-0.205408	1.111247
-0.006257	0.893094
-0.233889	0.966776
-0.121930	1.074825
-0.103402	0.962539
-0.364701	0.821363
-0.329058	0.935235
-0.257158	0.946628
-0.301453	0.866956
-0.254982	1.013740
-0.331705	1.118468
-0.273614	1.087644
-0.301838	1.035091
-0.200545	1.032335
-0.510304	1.000563
-0.515801	0.998711
-0.468042	0.971246
-0.312751	1.172696
-0.389828	0.919684
-0.290321	1.069215
-0.241961	1.085147
-0.311888	1.002967
-0.287437	0.802650
-0.429091	0.957751
-0.434988	0.821857
-0.294478	0.875508
-0.372984	1.026886
-0.601304	0.991785
-0.242095	0.885403
-0.496449	0.833647
-0.433087	1.029476
-0.442604	1.154470
-0.509548	0.800975
-0.418468	0.844769
-0.529825	0.939273
-0.488311	0.965465
-0.440901	0.931095
-0.396572	0.699338
-0.302635	0.857138
-0.431350	0.764362
-0.422346	0.943865
-0.463332	0.810566
-0.557391	0.800831
-0.481832	0.811510
-0.584325	0.810019
-0.404971	0.949581
-0.418528	0.907251
-0.526903	0.962806
-0.364301	0.752500
-0.528017	1.020305
-0.526386	0.942308
-0.484789	0.788223
-0.606041	0.916633
-0.312364	0.661573
-0.561253	0.829434
-0.672983	0.790425
-0.565359	0.888181
-0.554247	0.735390
-0.703764	0.965929
-0.531955	0.810813
-0.413101	0.849596
-0.665582	0.861833
-0.551670	0.621059
-0.659023	0.741775
-0.491282	0.811338
-0.726683	0.739277
-0.614599	0.889052
-0.595807	1.002786
-0.639404	0.883052
-0.647538	0.910197
-0.481429	0.579515
-0.431406	0.826834
-0.657317	0.938601
-0.574052	0.798774
-0.636452	0.824976
-0.575899	0.718107
-0.665610	0.804809
-0.597219	0.752732
-0.510422	0.635093
-0.686405	0.654002
-0.422517	0.888773
-0.581556	0.799763
-0.633049	0.829389
-0.699187	0.746303
-0.639047	0.911363
-0.490782	0.820700
-0.602263	0.770510
-0.544828	0.836355
-0.599833	1.048901
-0.684214	0.789496
-0.641614	0.701868
-0.735256	0.749898
-0.635375	0.719281
-0.585244	0.771246
-0.444504	0.755811
-0.493520	0.730393
-0.876333	0.683535
-0.764912	0.697677
-0.692395	0.613174
-0.612978	0.625911
-0.812030	0.695055
-0.483206	0.690796
-0.892275	0.769738
-0.636368	0.691956
-0.782948	0.786268
-0.704768	0.816262
-0.787717	0.685759
-0.762558	0.709407
-0.895800	0.715303
-0.708900	0.796023
-0.859128	0.675261
-0.832153	0.686317
-0.649922	0.681949
-0.679508	0.735811
-0.827332	0.758282
-0.816399	0.673070
-0.745041	0.580822
-0.908810	0.616050
-0.892774	0.568210
-0.985494	0.818738
-0.833059	0.728755
-0.771537	0.681884
-0.716282	0.566904
-0.753505	0.584533
-0.788773	0.750945
-0.853591	0.654138
-0.864018	0.476720
-0.820001	0.532423
-0.703950	0.615514
-1.001722	0.505452
-0.846960	0.527857
-0.848494	0.662971
-0.828683	0.681851
-0.885220	0.592887
-1.026122	0.685648
-0.920262	0.627405
-0.822298	0.511244
-0.762624	0.468937
-0.798785	0.412648
-0.815997	0.656015
-0.909089	0.609874
-1.077837	0.675916
-0.815742	0.530457
-0.817619	0.613912
-0.775522	0.497199
-0.914857	0.649696
-0.868136	0.523293
-0.852484	0.420419
-0.806820	0.586115
-0.674196	0.633483
-1.045032	0.544998
-0.905430	0.610867
-0.926627	0.763683
-0.977230	0.543478
-0.772674	0.464942
-0.873310	0.341857
-0.857257	0.579351
-0.835873	0.359956
-0.866781	0.333433
-0.848021	0.447762
-0.926147	0.192476
-0.956225	0.473682
-0.962631	0.433177
-0.938424	0.162534
-0.873008	0.425518
-0.885873	0.485616
-0.871193	0.493664
-0.727706	0.326105
-0.663821	0.442405
-0.895264	0.477564
-0.935447	0.333169
-0.886712	0.355159
-0.967627	0.437824
-0.935345	0.405764
-0.820911	0.279257
-0.868538	0.411549
-0.950094	0.298580
-1.110301	0.494698
-0.942385	0.187838
-0.787380	0.375855
-0.870198	0.630582
-0.863430	0.428842
-1.037438	0.417910
-0.849502	0.258814
-0.791534	0.339680
-0.876103	0.485861
-0.847299	0.563009
-0.973587	0.334144
-0.919264	0.443976
-1.062638	0.203714
-0.919175	0.115821
-0.950636	0.348771
-0.883379	0.299168
-0.903052	0.464768
-0.951673	0.383709
-0.993191	0.354357
-0.999464	0.312727
-0.988613	0.282896
-0.873509	0.197561
-1.174000	0.415735
-0.973484	0.330578
-0.906445	0.323936
-0.844598	0.280950
-0.951807	0.266600
-0.906063	0.326981
-1.002969	0.132202
-0.820904	0.468452
-0.955869	0.287100
-1.028683	0.157411
-0.807230	0.210993
-0.899187	0.274876
-0.923762	0.024127
-1.157114	0.211848
-0.973730	0.201213
-0.893439	0.187712
-0.947305	0.248935
-0.834176	0.114806
-1.101816	0.115781
-0.942771	0.159822
-1.052851	0.239615
-1.027606	0.090343
-1.310788	0.292275
-1.032613	0.277288
-0.966186	0.211698
-1.125933	0.311998
-1.054264	0.173601
-1.055812	0.224793
-0.976481	0.023085
-1.190207	0.234716
-1.108230	0.103820
-0.974976	0.146884
-0.966539	0.015361
-0.985325	0.109612
-0.861562	0.033433
-1.027818	-0.155254
-0.749939	0.077400
-1.086621	0.104390
-1.082175	0.062279
-1.209260	0.002763
-0.913662	0.175034
-0.921921	0.119592
-0.922697	0.005107
-1.006149	-0.003646
-1.027668	0.075236
-1.096469	0.060885
-1.037938	0.124215
-1.124823	0.161812
-0.944189	0.054861
-1.050889	0.099900
-0.982496	-0.026539
-0.898067	-0.147231
-0.804280	0.012580
-1.061636	-0.078386
-0.958044	0.027993
-1.059247	-0.118349
-0.932933	0.132073
-0.868492	0.073535
-1.087735	-0.002384
-0.946665	-0.075677
-0.882539	-0.106197
-0.964669	0.157560
-1.026907	0.021222
-1.024712	-0.033907
-1.067053	-0.140534
-0.888065	-0.079324
-0.956045	-0.085851
-0.970148	-0.081910
-0.809182	0.000708
-1.007739	-0.197113
-0.988633	-0.234150
-0.944668	-0.137611
-1.036523	-0.175749
-0.927656	-0.182585
-1.060106	-0.107524
-1.108978	-0.014500
-1.010108	-0.151665
-1.067724	-0.102129
-0.876504	-0.121527
-1.288117	-0.083707
-1.067282	-0.144030
-0.973584	-0.082135
-1.129545	-0.071451
-0.962990	-0.060418
-0.886293	0.127024
-0.961030	-0.168334
-0.989607	-0.082233
-0.994846	-0.094313
-0.985536	-0.171700
-0.992578	-0.066268
-1.018543	-0.233187
-1.037266	-0.173896
-0.810227	-0.248277
-1.024388	-0.286144
-0.920497	-0.175595
-0.872308	-0.032928
-0.969874	-0.131462
-0.975602	-0.123056
-1.000427	-0.214334
-0.915580	-0.229713
-0.974934	-0.353347
-0.953258	-0.102849
-0.815327	-0.275536
-0.897292	-0.275947
-1.019347	-0.129909
-1.023452	-0.195611
-0.988339	-0.141580
-0.935958	-0.368232
-0.965706	-0.123701
-1.086888	-0.367006
-0.823542	-0.294297
-1.139113	-0.259689
-0.977597	-0.075025
-1.058166	-0.248192
-0.909554	-0.405552
-0.905219	-0.499194
-0.899514	-0.235875
-0.804869	-0.526952
-0.932300	-0.236941
-0.927822	-0.365138
-0.881963	-0.450637
-1.015672	-0.390078
-1.063185	-0.475566
-0.873448	-0.268031
-1.053190	-0.341850
-1.011788	-0.175080
-1.064969	-0.211539
-0.867288	-0.435060
-0.847671	-0.466372
-0.926489	-0.420715
-0.840238	-0.405670
-0.868055	-0.355657
-1.000971	-0.528901
-0.962694	-0.611258
-0.890581	-0.491160
-1.099637	-0.403165
-0.931016	-0.393522
-0.759860	-0.439462
-0.801053	-0.408511
-0.725370	-0.460442
-0.996022	-0.384846
-0.869596	-0.401739
-0.928475	-0.541147
-0.865905	-0.324532
-0.849515	-0.583425
-0.845850	-0.264438
-0.732441	-0.721592
-0.838206	-0.331878
-0.614196	-0.399875
-0.762902	-0.510734
-1.073534	-0.401897
-0.932485	-0.460335
-0.826012	-0.405507
-0.972727	-0.395686
-0.814986	-0.581281
-1.174685	-0.325184
-0.871128	-0.590155
-0.802802	-0.408092
-0.823228	-0.423995
-0.801007	-0.669672
-0.856495	-0.632723
-0.759440	-0.584883
-0.822980	-0.563680
-0.853910	-0.491234
-0.720222	-0.684397
-1.066176	-0.651271
-0.798197	-0.673414
-0.927953	-0.655759
-0.699490	-0.315286
-0.868192	-0.512783
-0.855077	-0.817232
-0.753697	-0.357700
-0.816100	-0.641642
-0.887640	-0.683566
-0.770373	-0.554543
-0.752301	-0.589903
-0.748728	-0.618009
-0.959448	-0.471273
-0.714425	-0.479809
-0.935229	-0.706432
-0.834822	-0.764255
-0.673373	-0.834862
-0.761583	-0.444698
-0.811232	-0.681176
-0.634180	-0.573666
-0.708789	-0.622647
-0.802766	-0.635769
-0.834167	-0.655381
-0.678556	-0.633521
-0.759766	-0.595869
-0.710969	-0.569465
-0.651215	-0.597136
-0.884515	-0.597632
-0.644887	-0.693295
-0.783507	-0.693826
-0.703150	-0.813151
-0.891447	-0.606095
-0.659577	-0.767727
-0.517351	-0.574482
-0.832611	-0.520040
-0.768276	-0.651394
-0.818618	-0.605886
-0.522894	-0.863286
-0.797757	-0.836802
-0.707954	-0.825206
-0.777279	-0.700207
-0.668244	-0.587543
-0.701660	-0.724861
-0.919814	-0.720949
-0.822198	-0.663655
-0.690867	-0.944511
-0.741292	-0.723756
-0.852548	-0.768150
-0.794675	-0.813053
-0.853809	-0.691618
-0.570310	-0.708695
-0.696371	-0.635585
-0.617731	-0.740496
-0.640784	-0.786617
-0.592386	-0.847547
-0.773262	-0.815907
-0.747365	-0.686946
-0.581136	-0.744557
-0.584249	-0.874813
-0.710484	-0.639525
-0.524999	-0.839240
-0.441367	-0.729476
-0.543535	-0.778687
-0.584217	-0.611708
-0.627562	-0.796140
-0.694833	-0.624105
-0.650461	-0.651544
-0.579660	-0.785545
-0.470711	-0.681159
-0.628720	-0.776035
-0.611693	-0.803369
-0.558339	-0.927813
-0.755904	-0.934291
-0.695608	-0.791650
-0.452558	-0.889892
-0.642347	-0.927531
-0.502387	-0.744698
-0.421640	-0.818224
-0.465299	-0.798606
-0.444582	-0.952350
-0.589516	-0.735159
-0.545599	-0.946318
-0.425384	-0.816809
-0.625233	-1.013734
-0.628130	-0.680257
-0.398061	-0.778563
-0.486591	-0.867889
-0.614995	-0.775786
-0.582467	-0.808369
-0.588374	-0.713575
-0.365012	-0.868064
-0.469079	-0.647809
-0.502269	-0.913271
-0.558313	-0.770037
-0.477623	-0.859405
-0.545790	-0.842454
-0.522965	-0.922320
-0.545154	-0.796405
-0.492170	-0.891789
-0.607320	-1.036848
-0.472736	-0.689376
-0.509968	-0.899783
-0.327582	-0.758770
-0.425890	-0.927546
-0.415551	-0.852265
-0.284906	-0.985980
-0.416058	-0.759719
-0.754520	-1.039979
-0.364631	-1.028170
-0.466847	-0.785760
-0.403455	-0.764836
-0.453874	-0.982044
-0.402067	-0.803933
-0.510682	-0.920979
-0.373264	-0.830932
-0.413111	-0.979217
-0.492470	-0.829908
-0.263819	-0.909205
-0.255734	-1.118171
-0.422481	-1.022862
-0.338674	-1.033100
-0.384938	-0.995669
-0.422543	-0.811448
-0.284282	-0.942645
-0.412360	-0.883272
-0.418541	-1.012260
-0.309477	-0.973440
-0.267358	-0.946305
-0.310604	-1.053111
-0.446080	-0.864224
-0.240952	-0.868233
-0.194437	-0.961948
-0.343818	-1.074067
-0.445990	-1.011597
-0.179245	-0.816227
-0.188510	-1.150029
-0.319887	-0.960282
-0.118186	-0.779093
-0.344069	-1.072599
-0.158907	-0.890477
-0.404907	-0.986731
-0.249280	-0.984238
-0.262354	-0.956508
-0.198155	-1.032107
-0.074641	-1.103265
-0.335401	-0.972399
-0.203870	-0.997309
-0.195743	-0.736939
-0.233426	-0.979605
-0.281036	-1.024971
-0.315105	-1.127691
-0.306397	-1.058838
-0.134742	-0.893995
-0.119710	-0.980697
-0.136516	-0.980285
-0.034633	-0.923246
-0.130992	-1.027059
-0.262074	-1.158525
-0.045987	-1.158306
-0.079422	-1.174112
-0.170489	-1.115737
-0.281985	-1.057468
-0.131695	-0.926230
-0.073476	-0.914233
-0.052401	-1.187385
-0.213692	-0.980421
0.033674	-0.994437
-0.196851	-0.770586
-0.092420	-1.147708
0.003056	-0.849924
-0.013036	-0.945526
-0.143804	-1.050893
-0.217182	-1.083006
-0.124740	-0.757123
-0.058109	-0.966445
0.012304	-0.977308
-0.140343	-0.933027
0.017288	-0.994579
-0.132553	-1.059904
-0.183196	-1.028014
-0.080217	-0.925691
0.023520	-0.983882
-0.161294	-0.904571
-0.125576	-0.938899
-0.008186	-1.095683
0.083857	-0.933774
-0.063189	-0.946869
-0.222542	-0.891111
-0.100453	-1.079075
0.028800	-0.893302
-0.061521	-1.014907
-0.089222	-0.986419
-0.031887	-0.943500
0.044495	-1.015264
0.088539	-0.835608
0.052412	-1.116116
0.234859	-1.031219
0.170676	-0.979898
0.031387	-1.259533
0.124959	-1.003487
-0.133811	-0.967371
0.054139	-1.016612
0.116669	-1.205532
0.259808	-0.908405
-0.007989	-1.200138
0.112318	-0.976136
0.261585	-0.885565
0.286661	-0.964941
0.092826	-0.831880
0.123215	-1.049052
0.221627	-1.071576
0.033543	-1.002811
0.190226	-1.007392
0.173594	-0.971978
0.066417	-0.848216
0.077356	-0.803668
0.230915	-0.919164
0.133916	-1.015163
0.321765	-1.064008
0.256777	-0.900785
0.244339	-1.066573
0.161545	-0.853503
0.300021	-1.091891
0.143809	-0.962417
0.081454	-1.125310
0.259438	-1.029258
0.108131	-1.227442
0.135585	-1.166693
0.132910	-0.859227
0.301303	-0.943925
0.263750	-1.086628
0.483468	-0.893245
0.096616	-0.941918
0.177180	-0.984051
0.341649	-0.956395
0.386575	-0.825553
0.134637	-1.033919
0.199244	-0.913210
0.304809	-1.068960
0.425757	-0.893963
0.319553	-1.189343
0.324733	-0.785511
0.274067	-1.052615
0.172668	-1.021039
0.265979	-0.939242
0.329387	-1.222495
0.478360	-0.797823
0.368412	-0.780652
0.401410	-1.012839
0.253762	-1.097262
0.261646	-1.048341
0.267585	-1.017524
0.326708	-0.966964
0.125592	-0.886513
0.350984	-0.852243
0.431502	-0.969761
0.351635	-0.823277
0.286694	-0.846396
0.310503	-1.001096
0.449499	-1.044528
0.484189	-0.924771
0.470669	-0.920542
0.254054	-0.989595
0.323393	-1.111117
0.356059	-1.014550
0.326009	-0.960785
0.334106	-0.898286
0.456352	-0.938489
0.647162	-0.689967
0.449228	-0.848649
0.466298	-0.900002
0.490179	-0.893371
0.430898	-1.008728
0.351982	-1.069164
0.685578	-0.813005
0.489550	-0.845214
0.573514	-0.813402
0.399329	-0.734785
0.431141	-0.946017
0.554769	-1.028954
0.568408	-0.964987
0.289671	-0.841748
0.539177	-0.840452
0.583538	-0.928977
0.481483	-0.922783
0.407055	-0.708753
0.554331	-0.919315
0.476328	-0.947005
0.380828	-0.938461
0.642942	-0.730419
0.481685	-0.808174
0.299716	-0.770832
0.743345	-1.048989
0.437597	-0.924857
0.666531	-0.702387
0.567849	-0.884318
0.478014	-0.776955
0.419230	-0.839983
0.532278	-0.945637
0.550912	-0.991567
0.671368	-0.857483
0.451644	-0.778479
0.591289	-0.984054
0.397441	-0.723336
0.520062	-0.970242
0.471081	-0.747322
0.519466	-0.985277
0.629662	-0.954176
0.751545	-0.880172
0.675967	-0.787413
0.707514	-0.790319
0.654204	-0.615933
0.771752	-0.852590
0.439724	-0.743047
0.502292	-0.813942
0.628261	-0.796847
0.482132	-0.771871
0.656926	-0.805660
0.556544	-0.770725
0.809706	-0.778516
0.495651	-0.826033
0.686365	-0.758811
0.703697	-0.937808
0.741916	-0.665241
0.613850	-0.807423
0.566566	-0.817568
0.508539	-0.870363
0.658043	-0.830298
0.596188	-0.822454
0.663767	-0.717169
0.640924	-0.698270
0.832197	-0.745496
0.644853	-0.693218
0.521085	-0.752332
0.567089	-0.754295
0.679015	-0.879034
0.810228	-0.886595
0.650061	-0.697203
0.681376	-0.769714
0.717140	-0.745775
0.800406	-0.612969
0.607735	-0.673940
0.703340	-0.779425
0.794341	-0.781287
0.740494	-0.508393
0.694651	-0.609589
0.578245	-0.654122
0.698345	-0.795318
0.822595	-0.606893
0.725916	-0.656323
0.607413	-0.677403
0.803789	-0.521325
0.814305	-0.534738
0.685170	-0.567032
0.773737	-0.768814
0.720329	-0.631616
0.841551	-0.689434
0.763010	-0.490017
0.677243	-0.738780
0.714703	-0.556759
0.946399	-0.730661
0.735086	-0.764266
0.597167	-0.604752
0.851745	-0.629087
0.857314	-0.661255
0.782078	-0.686702
0.813885	-0.561292
0.870209	-0.601696
0.767622	-0.686141
0.681083	-0.432519
0.872618	-0.629545
0.742158	-0.647746
0.784936	-0.649337
0.883133	-0.556704
0.917280	-0.670033
0.846882	-0.536696
0.862681	-0.650767
0.935492	-0.462896
0.847472	-0.587340
0.957588	-0.616662
0.838190	-0.610393
0.953282	-0.443109
0.820731	-0.567481
0.829095	-0.598168
0.970217	-0.590810
0.940609	-0.552142
0.996720	-0.439860
0.876648	-0.503438
0.866863	-0.534626
0.956667	-0.510539
0.713165	-0.634358
0.894762	-0.497436
0.849867	-0.597616
0.946131	-0.646859
0.744234	-0.413149
0.705796	-0.357390
0.931422	-0.327702
0.815372	-0.416847
0.924992	-0.437286
0.853770	-0.489300
0.886363	-0.281915
0.914339	-0.291821
0.783729	-0.609316
0.846715	-0.544282
0.874303	-0.311157
1.044020	-0.501891
1.004181	-0.388822
0.880170	-0.382403
0.876155	-0.477286
1.105448	-0.473932
0.780957	-0.401950
0.967532	-0.350157
0.937711	-0.251617
0.870244	-0.407607
0.849703	-0.239696
0.725739	-0.394343
0.892340	-0.288809
0.828133	-0.298058
0.974956	-0.318964
0.942560	-0.341928
0.896730	-0.362624
0.924792	-0.492786
0.944327	-0.415145
0.849102	-0.339373
0.842616	-0.405173
1.034159	-0.375210
0.796923	-0.346356
1.073242	-0.405842
1.043660	-0.036274
1.028448	-0.416285
0.890561	-0.112117
0.908842	-0.167813
0.820988	-0.324146
1.087525	-0.398155
0.986559	-0.397082
1.063906	-0.396004
1.127868	-0.302907
1.108297	-0.230919
0.868717	-0.078979
0.893230	-0.169298
1.070394	-0.297655
1.022768	-0.329633
1.157912	-0.233219
1.031728	-0.086886
1.030715	-0.335810
0.964896	-0.248247
1.063624	-0.369283
0.915700	-0.181992
0.963581	-0.132643
0.961660	-0.152603
0.963485	-0.235971
1.088605	-0.237158
0.766846	-0.252560
0.843564	-0.202307
1.130369	-0.232652
1.070770	-0.059655
0.972194	-0.147630
0.969234	-0.103099
0.828743	-0.107487
0.979422	-0.227284
1.142992	-0.032148
0.855923	-0.105127
0.651768	-0.175600
0.879971	-0.090798
0.784731	0.068895
1.051987	-0.293650
1.055911	-0.164041
0.830053	-0.064938
0.943953	-0.114803
1.056530	-0.021857
0.948605	0.170908
0.985651	-0.010351
1.064494	0.049673
1.031762	0.013310
1.077410	0.072779
0.971296	0.015855
0.992769	-0.051919
1.057854	0.011371
0.932809	-0.101356
0.989906	-0.069361
0.904283	0.043089
0.998997	-0.080450
1.035623	-0.059682
1.119792	0.144228
0.976801	-0.105910
0.952843	0.034321
0.910155	-0.010561
0.760662	0.041598
0.974460	-0.165917
0.244865	0.021649
0.185757	-0.139867
0.008681	-0.019732
0.061244	-0.083602
-0.060485	0.080753
0.013461	-0.062110
0.328593	0.056904
0.047307	0.065589
0.133783	0.148059
0.097250	-0.186434
-0.035250	0.168629
0.119780	-0.007689
-0.017630	-0.031270
0.102444	0.060172
0.294472	0.104735
0.166519	0.115872
0.131216	-0.077973
0.000437	0.045459
-0.035223	-0.125772
0.028567	0.060059
0.154918	-0.062884
0.214665	-0.031628
0.187801	-0.047651
0.159985	-0.040861
0.008066	0.133483
-0.045078	-0.044728
0.002912	-0.007364
0.098498	0.092987
0.090077	-0.075264
0.163207	0.148126
0.231388	-0.147637
0.150217	-0.135418
0.149095	0.102824
0.034824	0.026876
0.154257	0.218109
0.167946	0.048445
0.177810	0.037172
0.171199	-0.066133
-0.053254	-0.120078
0.192252	-0.049802
-0.079329	0.100955
-0.050459	-0.043785
0.022335	-0.105340
0.093830	0.015942
0.261213	0.125611
0.031511	0.143873
0.231144	0.075021
0.067012	-0.003837
0.143626	0.181014
0.049384	0.195614
-0.093096	0.136460
0.040856	0.022545
0.124298	0.055557
-0.032640	0.211166
0.305886	0.212544
0.145465	-0.080066
0.035795	-0.090451
0.138737	-0.067214
0.030378	0.061852
0.163254	0.226375
0.149799	0.007396
-0.022403	0.224836
0.013230	-0.129555
0.137637	0.139011
0.396724	0.090948
0.073633	-0.078648
0.079436	-0.086761
0.067270	0.066837
0.117119	-0.027277
0.224247	0.035659
0.061544	0.080359
0.015987	0.005230
0.254732	-0.026597
-0.018279	0.020914
-0.001630	0.027954
0.202471	0.104486
0.114149	0.010850
0.099055	0.026418
0.050701	-0.034937
0.298891	-0.073123
-0.023861	0.240871
0.194565	-0.053047
-0.033841	0.006541
0.078032	-0.051796
-0.021611	0.044476
0.023022	0.211854
0.101833	0.073915
0.113869	-0.063611
-0.011868	0.024397
0.068705	0.134661
0.082723	0.004711
0.316615	-0.009630
0.074677	0.036898
-0.045568	0.063741
-0.012864	0.051981
0.018117	0.025872
-0.087113	0.040781
0.044381	0.192975
0.053985	-0.032281
0.113032	-0.060235
-0.052010	0.193702
0.162365	0.134877
-0.141101	0.126104
0.032629	-0.045634
0.158773	0.031877
0.053868	0.215710
0.088028	-0.034174
0.216768	0.005742
0.159945	-0.006815
0.033032	0.047930
-0.046048	-0.021437
0.055893	0.048556
-0.000851	0.195962
0.045698	0.071191
0.242916	-0.000716
0.175142	0.197354
0.022850	0.032128
0.087777	0.146279
0.101768	0.010749
-0.067950	-0.138796
0.125838	-0.103722
0.189290	0.107866
0.088590	0.126960
0.158541	-0.020277
0.148683	0.056550
0.172119	0.148382
-0.026870	0.114795
0.012792	0.067681
0.096792	0.002825
0.100495	0.166594
0.094916	0.020883
0.008175	0.045883
0.178606	0.224419
0.234734	0.191298
0.039218	0.057161
0.315535	0.281807
0.061295	0.041888
0.120251	0.088143
0.077197	0.144373
-0.038920	-0.030194
0.000347	-0.024097
0.060649	-0.036706
0.047122	0.184707
0.124042	0.134597
0.036628	0.223032
0.062160	0.010140
-0.001408	0.114607
0.170610	-0.056747
-0.003157	-0.032223
0.239959	0.095495
0.005689	0.159496
0.035785	0.169911
0.028097	0.136786
0.021020	0.175085
0.104872	0.040824
0.173576	-0.019731
0.105749	0.301416
0.134531	0.000264
0.045083	-0.097372
0.147152	0.095419
-0.026505	0.169523
0.001150	0.033674
0.037514	0.111306
0.041174	-0.004744
0.186854	0.069842
-0.211533	0.131651
0.100374	0.106744
0.042420	0.052674
0.198200	0.079418
0.060058	0.057319
0.079744	0.084789
0.190483	0.147671
0.062386	0.258432
0.077719	0.094036
0.083304	0.005406
0.176416	0.187522
0.002096	0.126481
0.129228	0.227499
-0.075204	0.222624
-0.155662	0.089293
0.098351	0.038395
0.046422	0.078310
0.135496	0.124244
0.026375	0.074831
0.160519	-0.012899
0.052099	0.080716
0.070827	-0.015742
0.262992	0.040859
0.178108	0.124175
-0.037277	0.150896
0.185537	0.111429
0.066456	0.173883
0.095988	0.066135
0.224099	0.096234
0.098158	0.170402
-0.077282	0.098415
0.064855	0.115465
0.008356	0.094129
0.004177	0.144573
0.010737	0.267222
0.183856	0.119071
0.233379	0.203602
0.058698	0.038000
0.136031	0.023629
0.010205	0.183795
0.265831	0.094130
-0.154576	0.242060
0.011202	0.186397
0.135661	0.242951
0.150367	0.099914
-0.086993	0.090471
-0.013532	0.096938
-0.110565	0.158102
0.018885	-0.095034
0.070634	0.140716
-0.125808	-0.026576
0.033457	0.126766
-0.033019	0.056618
0.133022	-0.125366
-0.033493	0.154749
-0.017492	0.123879
0.283921	0.014672
0.110915	-0.009498
-0.010474	0.142713
-0.008662	0.106482
0.254163	-0.048786
0.100199	0.010125
0.083996	0.236263
0.168715	0.057219
-0.050714	0.042989
-0.066362	0.152212
0.033471	-0.061260
0.124229	0.036396
-0.045277	0.137918
0.185422	0.166388
0.194195	0.103633
-0.032224	0.066518
0.082620	0.087200
0.158466	0.087744
0.066610	0.149415
0.147362	0.125631
-0.010321	0.057088
-0.046518	0.135657
0.033304	0.171972
0.080804	-0.001955
0.029070	0.137209
0.084485	0.029422
0.188835	-0.019666
-0.056345	0.208473
0.069348	0.054501
0.037834	0.233739
0.091210	0.202657
-0.142037	0.267822
0.102625	0.030764
0.031247	0.070769
-0.036577	0.047111
-0.041411	0.069865
0.066401	0.049005
0.042802	0.107436
0.027799	0.079486
-0.168355	0.119299
0.083615	-0.052072
0.095152	0.036513
-0.001140	-0.073671
0.065451	0.097872
0.126202	-0.053908
0.172092	0.308909
0.006777	0.011703
-0.131597	-0.032216
0.063959	0.117722
0.074800	-0.021484
0.055610	-0.008862
0.040065	0.128028
-0.101055	0.097791
0.057072	0.090233
0.033643	0.014965
-0.115706	0.167032
0.095964	-0.013990
-0.110034	0.069566
0.077343	0.103622
-0.097763	0.121789
0.124258	0.050627
-0.072771	0.151865
0.116868	-0.018477
0.298221	0.153094
0.179971	0.171672
0.051939	0.268965
-0.024471	0.129535
-0.027203	0.175001
-0.105829	0.130609
0.115662	-0.060722
-0.020361	0.091062
0.053213	0.012935
0.080001	0.149911
0.176012	0.157376
-0.075530	0.259751
0.086849	0.298910
-0.019684	0.158124
-0.120117	0.143141
-0.090216	0.250132
-0.130138	0.004410
0.076541	0.004170
0.052435	-0.025407
-0.076442	0.173237
0.057341	0.276672
-0.122040	0.128576
-0.027387	0.066625
-0.048933	0.166829
0.140408	0.157650
-0.180440	0.038131
0.147226	0.123154
-0.161734	-0.105848
0.064492	0.047091
-0.015347	0.061035
-0.026919	0.024294
-0.192712	-0.005040
-0.158538	0.189047
-0.008531	0.052507
-0.085014	0.156162
-0.027209	0.123951
0.084805	0.213499
-0.046977	-0.021844
-0.099559	0.098527
-0.009537	0.215020
-0.113147	0.038624
-0.097253	-0.127500
-0.013331	0.003885
0.059305	0.158449
-0.118886	0.066456
-0.239805	-0.125482
0.038045	-0.046078
-0.072255	0.052860
0.039717	0.197359
-0.011233	0.289911
-0.046083	0.119698
-0.155959	0.153696
-0.120384	0.071701
-0.150206	0.205070
-0.115311	0.134992
-0.087032	0.211121
-0.129382	0.181558
-0.069159	0.146476
-0.006816	0.100060
-0.073425	0.166865
0.026095	0.032669
0.126257	0.056231
-0.154293	-0.056012
-0.021448	0.215265
0.038209	-0.040502
0.005845	0.019141
-0.073811	0.148792
0.035414	0.091583
-0.009235	0.057223
-0.012126	0.081032
-0.136410	0.076021
0.075134	0.324716
0.154166	0.217788
-0.019461	0.193324
0.005168	-0.055423
0.019578	0.012560
-0.094063	0.123321
-0.025782	0.046096
-0.283972	0.035339
0.050444	0.269067
0.226930	0.250143
0.084179	0.014315
-0.060648	0.076346
-0.036005	0.192636
-0.024969	-0.165111
-0.083732	0.000250
0.022747	0.203697
0.043111	0.093047
-0.078345	0.132793
-0.173385	-0.090431
-0.024294	-0.040876
-0.030776	-0.061820
-0.011411	0.224295
-0.033340	-0.053429
-0.077017	0.061720
0.096478	-0.015522
-0.029367	0.056858
-0.018368	0.020256
-0.129554	0.201332
-0.188284	0.060592
-0.100251	0.047251
-0.061407	0.302661
-0.120949	0.071828
0.030202	-0.024029
-0.044906	0.026397
-0.173251	0.112664
0.010050	0.135556
-0.072414	0.167998
-0.061202	-0.096234
-0.121567	0.214737
-0.124816	0.269694
-0.127010	0.090509
-0.008737	0.151064
0.025438	-0.046607
0.048288	0.197615
0.107706	0.022865
0.063469	-0.012283
-0.076869	-0.051310
-0.000841	-0.010169
-0.067841	0.040015
-0.121437	0.203918
-0.086523	0.255789
-0.000689	-0.008212
-0.126061	0.098211
-0.057397	0.142985
-0.069361	-0.003881
0.017037	0.071613
-0.019514	0.084958
-0.030132	0.061299
0.072058	0.047408
0.135209	0.196120
0.000120	0.062706
0.047736	0.078074
0.054996	0.085549
-0.181854	0.089338
-0.052160	0.005416
-0.104967	0.091830
-0.015758	-0.065453
0.145866	0.145605
-0.064512	-0.146639
-0.020917	0.108560
-0.008254	0.038345
-0.059256	0.094319
0.113847	0.036621
-0.195151	0.326886
-0.097493	0.069719
-0.053609	-0.190441
-0.054511	-0.078209
-0.185364	-0.086591
-0.054230	-0.020412
-0.238346	0.126596
0.069164	-0.162860
0.151147	-0.092052
-0.137461	0.076181
0.028623	0.118654
-0.028258	0.162680
-0.043388	-0.067108
0.003484	0.171830
-0.024985	0.014834
0.003099	-0.044811
-0.008385	0.073184
-0.131873	0.123025
0.110113	0.023765
0.025097	0.093205
-0.207354	0.007306
-0.051344	0.176682
-0.086136	-0.025751
0.095977	-0.036373
-0.146623	0.016897
0.124266	-0.123445
-0.116348	-0.102812
-0.006031	0.009549
0.080887	0.094040
-0.102935	0.067171
-0.165157	0.088391
-0.182991	0.085960
-0.050259	0.069139
-0.137196	0.090132
-0.061795	0.003222
-0.068977	0.192818
-0.044296	-0.022272
0.050379	0.085285
-0.095480	-0.172403
0.016895	0.003776
-0.032059	0.155799
-0.112543	0.018763
-0.134548	-0.031875
-0.056669	0.035697
-0.091036	0.111583
-0.010685	0.209581
0.057990	0.022954
0.004910	-0.117392
0.113028	-0.015768
-0.124226	-0.105308
0.103948	-0.138463
-0.282701	0.076646
-0.095963	0.195129
-0.168249	-0.025546
-0.177402	0.263464
-0.055433	0.052143
-0.155000	0.051843
-0.134940	0.045875
-0.055197	0.053006
-0.156831	0.010147
0.025824	0.122035
0.039936	-0.014213
-0.176803	0.131787
0.069845	-0.010085
-0.007262	-0.031232
0.050002	0.164513
-0.094482	0.240276
-0.201524	-0.030685
0.029807	0.135935
-0.321991	0.024363
-0.199616	-0.015514
-0.082369	-0.006080
-0.187066	-0.082949
-0.051948	-0.156169
-0.260099	0.066244
-0.093316	0.012929
0.095289	0.255841
-0.256376	0.072087
-0.032645	0.053395
0.025432	-0.000865
-0.190160	-0.017068
0.050312	0.069809
-0.157838	0.289816
-0.047660	0.129439
-0.023733	0.128630
-0.116587	-0.048784
-0.070763	0.049421
-0.020694	-0.070464
-0.070927	0.064860
0.027452	-0.090326
-0.153658	-0.017541
-0.154191	0.094192
-0.043191	0.107730
-0.133715	-0.051733
-0.082882	0.019897
-0.289695	0.012002
-0.280384	0.015644
0.066620	-0.121830
-0.206558	0.093958
-0.226156	-0.043307
-0.080490	0.084311
-0.087663	0.142443
-0.184828	0.049154
0.015499	-0.207769
-0.251235	0.085791
-0.161686	-0.026993
-0.024239	0.085322
0.010824	0.240455
0.103950	0.060275
-0.015026	-0.210488
-0.083541	0.132934
-0.067882	0.119486
-0.047207	-0.056097
0.018434	0.060980
-0.102858	0.006389
-0.004082	0.220423
-0.043630	0.019748
-0.095325	0.014615
-0.180852	-0.093487
0.022608	0.104414
-0.036839	-0.008655
-0.054742	-0.057109
-0.007598	-0.030369
-0.043591	-0.161837
-0.074722	0.160418
-0.075532	0.028997
-0.062909	-0.124660
-0.047350	-0.071534
-0.036416	-0.016839
-0.175282	0.075889
-0.083718	0.111900
-0.193057	0.085717
-0.107504	0.001263
-0.146778	-0.093592
-0.138283	0.138301
0.024864	0.109064
-0.118533	0.007586
-0.204183	-0.104628
-0.100430	0.125390
0.032339	-0.167889
-0.124223	-0.146482
0.019257	-0.071748
-0.188990	0.053470
0.005630	-0.005493
0.004971	-0.066340
-0.017815	0.000249
0.029496	0.009429
0.092170	0.184765
-0.160586	0.033396
-0.093189	-0.071059
-0.258766	-0.112143
0.048797	-0.028798
-0.164917	-0.014912
-0.049748	0.146217
-0.012137	0.054708
-0.175479	-0.054039
-0.109199	0.150780
-0.175858	0.188474
-0.063573	0.011447
-0.143309	-0.139398
0.003924	-0.021025
-0.058338	0.032134
0.081485	0.044657
-0.109113	0.085395
-0.096069	0.111971
-0.337118	0.038730
-0.103936	0.082704
-0.029025	0.003999
0.007485	-0.165091
-0.040989	-0.015168
-0.147451	-0.011814
-0.242215	0.178271
-0.150553	0.020409
-0.021833	-0.051085
-0.022527	-0.094816
-0.050668	-0.120491
-0.121441	0.049259
-0.152992	-0.031108
0.131356	0.015078
-0.298162	0.188685
-0.140014	-0.179495
-0.090985	-0.062477
-0.236382	0.076562
-0.045846	0.006852
0.024207	-0.190062
-0.089650	-0.000304
-0.007623	0.170717
-0.173041	0.010770
-0.024053	0.120027
-0.246567	0.108873
-0.092867	0.154702
-0.331304	0.008180
-0.090107	-0.018994
-0.256956	-0.098540
-0.240582	-0.116608
0.033303	0.037253
0.268095	-0.119865
-0.063408	-0.158224
-0.165534	0.018550
-0.169483	-0.085912
0.043097	0.016786
-0.131761	0.055520
0.022523	-0.039628
0.053437	0.023644
-0.115514	0.018735
0.023050	0.079448
-0.037493	0.094707
-0.061640	0.162518
-0.087707	-0.081434
-0.016073	-0.091274
-0.143613	-0.016299
-0.120538	-0.101353
-0.241742	0.042247
0.031855	-0.074404
-0.077929	0.070337
-0.101154	0.037908
-0.187982	-0.184309
-0.046946	-0.025038
-0.109451	-0.082857
0.205617	0.154025
-0.102902	-0.020326
0.121964	0.029585
-0.041871	-0.005760
-0.193451	0.008605
-0.212631	-0.033512
-0.076734	-0.093556
-0.186975	-0.061107
-0.120538	0.081119
0.183612	-0.081857
-0.280404	-0.006189
-0.081490	-0.239380
-0.137296	-0.055384
-0.183488	-0.087548
-0.046507	-0.012095
-0.098006	-0.167429
-0.197785	0.037154
-0.156052	0.092164
0.006859	0.112282
0.116337	-0.029340
-0.270153	-0.016799
-0.059322	-0.104274
-0.082270	-0.114893
-0.055818	-0.045004
-0.042253	0.130580
-0.046988	0.038050
-0.166032	-0.178847
-0.041329	-0.104367
-0.061523	0.079022
-0.046501	0.081807
-0.029277	-0.032120
-0.037675	0.126032
0.060920	-0.027198
-0.284049	0.002560
0.025947	0.053919
-0.056296	0.102625
-0.131959	-0.156910
-0.099267	-0.031286
-0.192479	-0.085654
-0.043009	-0.050521
-0.214084	-0.022115
-0.161660	-0.033096
-0.020105	0.011157
-0.020108	-0.002246
-0.161770	-0.086317
0.041713	0.008543
-0.260598	-0.049350
-0.141535	-0.075499
-0.091617	0.062496
-0.053919	-0.031950
0.052082	-0.243050
-0.199029	-0.036241
-0.173796	-0.034697
-0.035075	-0.196936
-0.068726	-0.187769
0.035349	-0.183131
0.037558	-0.121439
-0.080825	0.016704
-0.096809	0.068906
0.029931	-0.098170
0.002754	-0.073477
-0.077631	-0.008380
-0.059209	-0.068734
0.016276	-0.028153
-0.087333	0.175160
-0.043305	0.062784
-0.260169	0.033071
-0.053304	-0.253502
-0.099743	-0.259349
-0.122480	-0.102121
-0.087855	-0.032306
-0.019532	0.048270
0.035270	0.219150
-0.084162	-0.025499
-0.049037	0.055352
0.011966	-0.100867
0.019034	-0.200539
0.011225	-0.048090
-0.128052	-0.184392
-0.213762	0.011426
-0.069515	-0.205475
0.069297	-0.221517
0.001178	0.045534
-0.066999	-0.103619
-0.191944	-0.010391
-0.046241	-0.070129
0.063235	-0.090927
-0.116135	0.054379
-0.091253	-0.113450
-0.023200	0.050024
-0.039233	0.054348
0.052132	-0.162321
-0.125736	-0.101363
-0.049301	-0.064722
-0.142462	0.052166
0.055335	-0.204552
-0.246850	-0.226516
0.146137	0.014367
-0.271779	0.107318
0.000487	-0.078797
-0.007676	0.015499
0.057191	-0.095850
-0.143431	-0.089504
-0.032148	-0.038735
-0.016909	-0.280415
-0.141627	-0.213918
-0.220813	-0.102540
-0.089627	-0.092467
0.022329	-0.127979
0.053244	-0.150361
-0.039785	0.142745
-0.250179	-0.069458
-0.083225	-0.066290
-0.026866	-0.055427
-0.053689	-0.061504
-0.008500	-0.065737
-0.065942	0.049009
-0.088517	-0.158504
-0.038016	-0.113360
-0.235830	-0.078647
-0.129193	-0.087208
-0.035580	-0.018630
-0.227606	-0.139566
-0.000927	0.018992
-0.118987	-0.080154
0.098167	-0.276220
-0.151926	-0.044198
-0.167078	-0.146063
0.093756	-0.150902
-0.289983	-0.158876
-0.083643	-0.180255
-0.011581	0.008837
-0.104400	-0.166507
-0.052341	-0.071164
-0.049620	0.035860
0.016618	-0.202182
0.026157	-0.219351
-0.062760	-0.133370
0.055242	-0.043767
-0.168235	-0.273096
-0.023746	-0.089103
0.021444	-0.007837
-0.083890	0.037335
-0.034651	-0.211896
-0.016502	-0.179072
-0.048184	-0.239530
0.127819	-0.006384
-0.186497	0.063624
-0.089188	-0.205122
-0.057457	0.046876
-0.033175	-0.086982
0.089757	-0.009310
0.046638	-0.175235
0.086417	-0.141674
-0.318114	-0.179199
0.009891	-0.167617
0.014321	-0.215564
-0.047197	0.141286
-0.081216	-0.199825
-0.214226	-0.047740
-0.049343	0.173084
0.087831	-0.193116
-0.191363	-0.220328
-0.004507	-0.158002
-0.077607	-0.015661
-0.092669	0.151918
-0.014571	-0.026344
-0.048306	0.054324
-0.036899	-0.055397
-0.061108	-0.091677
-0.071282	-0.116898
0.107411	-0.074850
-0.095960	-0.152364
-0.124199	0.013385
-0.211744	-0.078806
-0.112110	-0.079927
-0.199596	-0.057348
-0.173905	-0.126145
0.019591	0.160635
-0.120116	-0.142794
0.005452	-0.088233
-0.031041	-0.216774
0.004774	-0.018457
0.166620	-0.206551
0.101148	-0.023792
0.010086	-0.050841
0.027609	-0.098111
-0.080022	-0.053885
-0.129028	-0.051829
-0.064452	0.059304
-0.097027	0.047067
0.033268	0.039245
-0.041973	-0.015208
-0.069756	0.055836
-0.159539	-0.020470
0.190915	-0.035186
0.094370	0.151882
0.036977	-0.187503
-0.018061	-0.258663
-0.127288	-0.138014
-0.158920	0.064084
-0.124274	-0.010546
0.025434	-0.105890
0.082415	-0.180262
0.001286	-0.056948
0.008668	-0.150534
-0.139425	0.043787
-0.032010	-0.076837
-0.055550	-0.168153
-0.041734	-0.025055
-0.248905	-0.231478
-0.045024	0.063590
-0.031526	-0.132613
-0.049770	-0.035181
-0.006739	-0.211743
0.098043	0.064072
-0.227772	-0.171135
0.016235	-0.080208
-0.249286	-0.091046
-0.180925	-0.004520
-0.033170	-0.136585
-0.109528	-0.023466
0.064394	-0.014253
-0.282739	-0.098432
0.007218	-0.068977
0.042052	-0.082144
-0.070053	0.055739
-0.135160	-0.127969
-0.182958	-0.081935
0.074947	-0.206565
-0.019567	-0.035561
-0.052473	-0.229906
-0.183275	-0.120659
-0.065017	-0.133050
0.157291	-0.211952
0.106870	-0.025671
0.007321	-0.082233
-0.193411	-0.198226
-0.038023	-0.032665
0.137947	-0.109499
0.044469	-0.028076
-0.139952	-0.223002
-0.019853	-0.074336
-0.005293	0.052304
0.042036	0.079190
-0.090111	-0.066559
0.074223	-0.194501
-0.051984	-0.095862
0.000047	-0.182525
0.134275	-0.069660
0.130766	-0.000972
0.105191	-0.173551
0.031676	-0.108485
0.110443	-0.094593
0.017781	-0.093010
-0.169690	-0.142800
-0.059114	-0.087776
0.031858	0.058803
-0.021786	-0.262431
-0.278287	-0.115082
-0.003257	-0.109721
-0.089191	-0.047882
0.117191	-0.010315
-0.194741	-0.172737
-0.033610	-0.041294
0.036720	-0.200926
-0.011089	-0.052818
0.085452	-0.129083
0.191223	-0.143160
0.106198	-0.087810
0.262150	-0.225492
-0.046319	-0.256587
-0.029354	-0.077367
-0.065354	-0.223910
0.132398	-0.229574
-0.010087	-0.101010
0.133320	-0.060370
-0.061005	-0.097421
0.016291	-0.208730
0.042853	-0.185783
-0.134775	-0.117809
0.146818	0.004245
0.028334	-0.085659
0.079208	0.014559
0.090135	-0.152891
0.181779	-0.097605
0.032328	-0.104042
0.140186	-0.046515
0.169015	-0.116017
0.053931	-0.088755
0.103789	-0.195981
0.145366	-0.167291
0.076707	-0.133555
-0.128761	-0.194414
-0.248305	-0.025164
0.052038	-0.227478
0.123806	-0.058794
-0.066334	-0.076158
-0.223368	-0.116743
-0.024340	-0.109067
-0.044027	-0.063759
-0.106996	-0.004496
0.047568	0.019683
0.031337	-0.168141
0.101363	0.094316
-0.086823	-0.145286
-0.021621	-0.234409
0.118359	-0.129275
-0.065302	-0.073892
0.130342	-0.081997
-0.072662	-0.424624
0.124092	0.008640
0.000719	-0.158873
0.081780	0.029766
0.014648	-0.166671
0.009399	-0.054904
0.128672	-0.056848
0.014302	0.117860
0.070596	-0.136274
-0.055936	-0.250759
-0.030966	-0.236604
0.016230	-0.046666
-0.175489	-0.095587
0.012934	-0.127689
0.070730	-0.220060
-0.056180	-0.268106
0.044704	-0.011359
-0.006534	-0.016210
0.022206	-0.085070
0.056956	-0.183482
0.182966	-0.027246
-0.035965	-0.246976
-0.006601	-0.174924
0.128919	0.023607
0.035128	0.038453
0.184332	-0.066089
0.088577	-0.089074
-0.034605	0.115859
0.220162	-0.016518
0.253208	-0.267485
0.134047	0.056610
0.033963	-0.088709
0.111630	-0.120667
-0.002468	-0.069871
0.202315	-0.060469
0.049764	-0.138332
-0.012496	-0.097023
-0.003113	-0.207795
-0.032846	-0.080218
-0.131990	-0.299461
-0.120166	-0.117520
0.169564	-0.066096
0.214206	-0.180438
0.046550	-0.061594
-0.001700	-0.228471
-0.058433	0.017398
0.035649	-0.220506
0.151838	-0.021262
0.068014	-0.165417
0.139091	-0.175908
0.105350	-0.202820
0.295529	-0.049572
-0.025768	-0.074414
-0.076086	-0.181416
0.094136	-0.042107
-0.029206	-0.106887
0.065955	-0.108798
-0.015639	-0.116110
0.029490	-0.337134
0.112760	0.015943
0.271704	-0.118207
-0.034491	-0.189441
0.015357	0.075713
0.219318	0.070345
0.216831	-0.018810
0.013472	-0.084898
0.055283	-0.166400
-0.042601	-0.215575
0.050940	-0.004922
-0.030331	-0.188404
-0.047641	-0.122900
0.125809	-0.012383
0.021451	-0.077943
0.118890	-0.236959
0.059271	0.037807
0.046299	-0.150278
0.107115	-0.274472
0.014804	-0.064132
0.076020	-0.108845
0.054311	0.140520
0.123128	-0.026068
0.084155	-0.003181
0.181005	-0.180342
0.036200	-0.139930
-0.020403	-0.013439
-0.177978	-0.179912
0.125293	-0.029304
-0.046316	-0.014033
-0.057155	-0.114080
0.094510	-0.079152
-0.068410	-0.107944
0.039451	-0.163683
0.019412	-0.147036
0.108156	0.085452
0.047338	-0.207523
0.120719	-0.032069
-0.108016	0.099673
-0.044101	0.025675
-0.073288	-0.012136
0.164097	-0.109339
0.243760	0.064910
0.150478	-0.118932
0.165997	0.013305
0.022186	0.039067
-0.032211	0.074436
0.003292	0.011194
0.025069	-0.051111
0.075877	-0.001378
-0.110838	-0.089009
-0.025106	-0.217357
0.041061	-0.184185
0.167912	0.022184
0.047993	-0.078320
-0.002719	-0.120307
0.190688	-0.091303
0.182222	0.081104
-0.007749	-0.088257
0.011732	0.031234
0.057298	0.080444
0.192918	-0.123260
0.241738	0.049282
-0.004921	0.021807
0.245672	0.011862
0.164402	-0.049421
0.001519	-0.011577
0.097586	-0.088955
0.068851	-0.138582
-0.113541	-0.134984
0.200402	-0.184859
0.172212	0.146561
0.081500	0.156197
0.160516	-0.124833
0.060232	-0.008001
0.171276	-0.021619
0.130259	-0.077763
0.187096	0.133020
0.118842	0.060089
0.041816	-0.020377
0.221594	0.050279
0.120624	-0.296178
0.175699	-0.001747
0.056939	-0.142821
0.103370	0.038025
0.134908	-0.085933
0.067941	0.120736
-0.114183	-0.040729
0.135880	0.097772
-0.027510	-0.052425
-0.187140	-0.040755
-0.002727	0.090809
0.033666	-0.141062
-0.001699	-0.016595
-0.030990	-0.108532
0.263074	-0.096508
-0.016110	-0.069625
0.141194	-0.119724
0.179731	-0.188778
0.127525	0.065691
0.187504	-0.150872
0.084281	-0.027104
0.105782	0.102432
0.172822	-0.073350
0.088900	-0.041503
0.193788	-0.181388
0.102271	-0.006677
0.160579	-0.100757
0.338366	-0.117221
0.069319	-0.157429
0.024783	-0.089271
0.080785	-0.114723
0.048415	-0.143565
-0.025701	-0.023336
0.115904	-0.066418
-0.021910	-0.143334
0.275235	-0.113420
0.263224	0.003383
-0.012767	-0.011677
0.001221	0.042703
0.056896	-0.093943
0.121432	0.099587
0.096112	-0.098732
0.396297	-0.259109
-0.027548	-0.011312
0.201144	0.050926
-0.021866	-0.092907
0.095519	0.123389
0.212825	0.002901
-0.074555	-0.146431
0.055886	0.106026
0.118006	-0.003016
0.030959	0.083067
0.123519	-0.006293
0.073103	-0.100076
-0.007664	0.106609
0.043647	0.040601
0.200499	-0.034180
0.029070	-0.086116
-0.030047	-0.116284
0.027806	-0.037520
-0.057305	-0.113916
0.105738	-0.148279
-0.032821	0.007140
0.279837	-0.039637
0.070280	-0.016729
0.106124	0.136731
0.146088	-0.096375
0.098911	-0.035617
0.093042	0.069053
0.221291	-0.088688
0.159813	-0.009175
0.060408	-0.103270
0.107887	-0.102300
0.079152	0.004842
0.184528	-0.016006
0.125758	0.088251
0.081900	0.091577
0.225620	0.098484
0.025364	-0.085077
0.101675	-0.139677
0.153643	-0.075321
0.114983	0.081258
0.096072	0.092399
0.178040	-0.096395
0.112390	-0.071648
0.170919	-0.058958
0.218655	-0.041576
0.057406	0.059793
0.074109	-0.079810
0.143579	-0.066571
0.071644	-0.111386
0.077092	-0.097863
0.129087	-0.053696
-0.082558	0.062685
0.045835	-0.158218
0.229540	-0.000094
0.041269	0.048876
0.067321	-0.150247
0.165148	0.002014
0.158108	-0.063355
0.005007	0.008223
0.213802	-0.141092
0.086230	-0.010055
0.190603	-0.150858
